2455988.9034 18.801 0.048
2455988.9067 18.801 0.048
2455988.9089 18.878 0.05
2455988.9114 18.72 0.044
2455988.9132 19.088 0.062
2455988.915 18.829 0.047
2455988.9168 18.963 0.054
2455988.9187 18.886 0.049
2455988.9206 18.81 0.045
2455988.9224 18.756 0.044
2455988.9241 18.847 0.046
2455988.9259 18.923 0.049
2455988.9276 18.975 0.06
2455988.9294 19.141 0.062
2455988.9346 18.9 0.064
2455988.938 18.898 0.048
2455988.9398 18.698 0.037
2455988.9415 18.635 0.035
2455988.9432 18.68 0.037
2455988.9449 18.722 0.042
2455988.9467 18.685 0.048
2455988.9484 18.583 0.047
2455988.9501 18.644 0.035
2455988.9518 18.586 0.034
2455988.954 18.58 0.032
2455988.9591 18.721 0.039
2455988.9609 18.37 0.028
2455988.9626 18.459 0.03
2455988.9643 18.539 0.032
2455988.966 18.49 0.041
2455988.9677 18.428 0.046
2455988.9697 18.331 0.034
2455988.9714 18.395 0.035
2455988.9731 18.551 0.045
2455988.9748 18.078 0.037
2455988.9765 18.25 0.077
2455988.9783 18.331 0.057
2455988.98 18.189 0.048
2455988.9817 18.161 0.086
2455988.989 18.247 0.074
2455988.9941 18.241 0.025
2455988.996 18.181 0.022
2455989.0011 18.272 0.025
2455989.0028 18.418 0.024
2455989.0046 18.249 0.023
2455989.0063 18.309 0.024
2455989.008 18.317 0.025
2455989.0097 18.273 0.024
2455989.0114 18.297 0.023
2455989.0154 18.461 0.025
2455989.0174 18.562 0.026
2455989.0191 18.509 0.025
2455989.0209 18.504 0.024
2455989.0227 18.506 0.024
2455989.0244 18.551 0.025
2455989.0263 18.478 0.023
2455989.0318 18.775 0.031
2455989.0337 18.616 0.027
2455989.0354 18.615 0.027
2455989.0371 18.708 0.03
2455989.0388 18.669 0.029
2455989.0405 18.599 0.027
2455989.0452 18.623 0.027
2455989.0469 18.555 0.025
2455989.0486 18.582 0.026
2455989.0503 18.542 0.025
2455989.0556 18.45 0.022
2455989.0573 18.45 0.023
2455989.059 18.542 0.025
2455989.0607 18.419 0.022
2455989.0624 18.385 0.022
2455989.0644 18.322 0.02
2455989.0661 18.31 0.02
2455989.0678 18.267 0.019
2455989.0695 18.281 0.02
2455989.0712 18.218 0.019
2455989.0733 18.22 0.019
2455989.075 18.255 0.02
2455989.0767 18.19 0.019
2455989.0784 18.217 0.019
2455989.0801 18.139 0.018
2455989.0819 18.134 0.018
2455989.0871 18.139 0.017
2455989.0888 18.15 0.017
2455989.0908 18.156 0.017
2455989.0925 18.093 0.016
2455989.0942 18.149 0.016
2455989.0959 18.115 0.016
2455989.0976 18.221 0.018
2455989.0994 18.151 0.017
2455989.1011 18.098 0.016
2455989.1028 18.093 0.016
2455989.1045 18.14 0.016
2455989.1062 18.154 0.017
2455989.1082 18.239 0.018
2455989.1099 18.206 0.017
2455989.1116 18.196 0.017
2455989.1133 18.277 0.019
2455989.115 18.28 0.019
2455989.1168 18.221 0.018
2455989.1185 18.274 0.019
2455989.1202 18.392 0.02
2455989.1219 18.252 0.018
2455989.1236 18.39 0.02
2455989.1254 18.348 0.019
2455989.1271 18.393 0.019
2455989.1288 18.46 0.021
2455989.1305 18.482 0.021
2455989.1322 18.448 0.021
2455989.1342 18.517 0.022
2455989.1376 18.574 0.025
2455989.1393 18.58 0.023
2455989.141 18.597 0.024
2455989.1478 18.755 0.026
2455989.1495 18.689 0.025
2455989.1513 18.756 0.027
2455989.153 18.812 0.031
2455989.1548 18.885 0.035
2455989.1569 18.911 0.039
