2456537.704 -0.09867 0.06862
2456537.705 -0.04917 0.05692
2456537.7059 -0.09217 0.05471
2456537.7068 -0.14717 0.0542
2456537.7077 -0.04517 0.06246
2456537.7086 -0.15167 0.05298
2456537.7095 0.02433 0.07374
2456537.7104 -0.06017 0.06716
2456537.7113 0.02183 0.05236
2456537.7122 -0.12317 0.05345
2456537.7131 0.14633 0.0701
2456537.714 -0.14617 0.05767
2456537.7149 -0.02117 0.07243
2456537.7159 0.22383 0.08162
2456537.7168 -0.02467 0.05697
2456537.7177 0.13383 0.0663
2456537.7186 -0.04367 0.08702
2456537.7195 -0.04267 0.06526
2456537.7204 -0.17217 0.06139
2456537.7223 -0.06867 0.0554
2456537.7232 -0.06767 0.05464
2456537.7241 -0.17917 0.07239
2456537.725 -0.12267 0.0512
2456537.7259 0.05583 0.05639
2456537.7268 0.03433 0.06065
2456537.7278 -0.09367 0.05162
2456537.7287 -0.04317 0.04973
2456537.7296 -0.06667 0.06306
2456537.7305 -0.18767 0.06108
2456537.7314 -0.02417 0.06231
2456537.7323 -0.26167 0.04793
2456537.7332 -0.02367 0.06792
2456537.7341 -0.06367 0.05814
2456537.735 -0.05767 0.06653
2456537.7359 -0.13767 0.06175
2456537.7369 -0.09117 0.05148
2456537.7378 -0.15817 0.06154
2456537.7387 -0.07717 0.0536
2456537.7396 -0.12317 0.06581
2456537.7406 -0.13167 0.0493
2456537.7415 -0.15867 0.06455
2456537.7424 -0.15617 0.04688
2456537.7433 -0.12567 0.05054
2456537.7442 -0.12867 0.0533
2456537.7451 -0.21267 0.04639
2456537.746 -0.18617 0.05914
2456537.7469 -0.23567 0.05483
2456537.7478 -0.22667 0.0495
2456537.7487 -0.25567 0.01
2456537.7496 -0.09367 0.05109
2456537.7505 -0.08667 0.06045
2456537.7514 -0.19767 0.056
2456537.7523 -0.30417 0.06127
2456537.7533 -0.27917 0.05332
2456537.7542 -0.32017 0.05733
2456537.7551 -0.27717 0.05753
2456537.756 -0.21717 0.06425
2456537.7569 -0.23067 0.05253
2456537.7578 -0.28117 0.05294
2456537.7588 -0.29817 0.06084
2456537.7597 -0.31367 0.04795
2456537.7606 -0.34567 0.05619
2456537.7697 -0.12767 0.07215
2456537.7706 -0.17167 0.06242
2456537.7715 -0.21567 0.07168
2456537.7724 -0.28817 0.05394
2456537.7733 -0.16617 0.04926
2456537.7742 -0.29217 0.05475
2456537.7751 -0.18967 0.0487
2456537.776 -0.27417 0.05232
2456537.777 -0.27767 0.05298
2456537.7779 -0.15167 0.01
2456537.7788 -0.22967 0.06008
2456537.7797 -0.31017 0.04975
2456537.7806 -0.27217 0.04809
2456537.7816 -0.28617 0.04295
2456537.7825 -0.35567 0.04682
2456537.7834 -0.17517 0.04676
2456537.7843 -0.26967 0.0494
2456537.7852 -0.23117 0.05495
2456537.7861 -0.30267 0.05447
2456537.787 -0.29417 0.05029
2456537.7879 -0.26867 0.05693
2456537.7888 -0.16567 0.04912
2456537.7897 -0.35067 0.0479
2456537.7906 -0.34867 0.05188
2456537.7915 -0.28167 0.05163
2456537.7924 -0.28767 0.05823
2456537.7934 -0.32467 0.05376
2456537.7943 -0.19317 0.05422
2456537.7952 -0.28317 0.05451
2456537.7961 -0.27367 0.05207
2456537.797 -0.24317 0.06045
2456537.798 -0.11217 0.06436
2456537.7989 -0.23767 0.06328
2456537.7998 -0.15817 0.0652
2456537.8007 -0.30717 0.05525
2456537.8016 -0.20467 0.07161
2456537.8025 -0.22267 0.05728
2456537.8034 -0.23267 0.05935
2456537.8043 -0.28767 0.07877
2456537.8052 -0.24767 0.05532
2456537.8061 -0.26367 0.05406
2456537.807 -0.14067 0.07112
2456537.8079 -0.10067 0.06701
2456537.8088 -0.05367 0.05771
2456537.8097 -0.09017 0.06286
2456537.8106 -0.16617 0.06516
2456537.8115 -0.22717 0.06213
2456537.8124 -0.24317 0.07293
2456537.8134 -0.10917 0.05626
2456537.8143 -0.15017 0.05468
2456537.8152 -0.12067 0.06162
2456537.8161 -0.21517 0.05497
2456537.817 -0.25817 0.04882
2456537.8179 -0.05967 0.06487
2456537.8188 -0.07667 0.06889
2456537.8197 -0.17867 0.05424
2456537.8206 -0.17567 0.0544
2456537.8215 -0.13017 0.05883
2456537.8224 -0.05667 0.08053
2456537.8233 -0.02467 0.07145
2456537.8242 0.06233 0.08075
2456537.8251 -0.03617 0.0814
2456537.826 0.12283 0.06954
2456537.8269 -0.08767 0.08264
2456537.8278 -0.08167 0.07673
2456537.8287 -0.01467 0.06016
2456537.8296 -0.13167 0.05925
2456537.8305 -0.18267 0.07135
