arccd130901.0059.fits      1      V 2456537.70409 1.168108    4.0 -0.09867 0.06862
arccd130901.0060.fits      1      V 2456537.705 1.16926    4.0 -0.04917 0.05692
arccd130901.0061.fits      1      V 2456537.70591 1.170438    4.0 -0.09217 0.05471
arccd130901.0062.fits      1      V 2456537.70682 1.171672    4.0 -0.14717 0.0542
arccd130901.0063.fits      1      V 2456537.70772 1.172947    4.0 -0.04517 0.06246
arccd130901.0064.fits      1      V 2456537.70863 1.174247    4.0 -0.15167 0.05298
arccd130901.0065.fits      1      V 2456537.70954 1.175604    4.0 0.02433 0.07374
arccd130901.0066.fits      1      V 2456537.71045 1.177002    4.0 -0.06017 0.06716
arccd130901.0067.fits      1      V 2456537.71135 1.178425    4.0 0.02183 0.05236
arccd130901.0068.fits      1      V 2456537.71226 1.179908    4.0 -0.12317 0.05345
arccd130901.0069.fits      1      V 2456537.71317 1.181411    4.0 0.14633 0.0701
arccd130901.0070.fits      1      V 2456537.71408 1.182977    4.0 -0.14617 0.05767
arccd130901.0071.fits      1      V 2456537.71499 1.184588    4.0 -0.02117 0.07243
arccd130901.0072.fits      1      V 2456537.7159 1.18624    4.0 0.22383 0.08162
arccd130901.0073.fits      1      V 2456537.71681 1.187937    4.0 -0.02467 0.05697
arccd130901.0074.fits      1      V 2456537.71772 1.189677    4.0 0.13383 0.0663
arccd130901.0075.fits      1      V 2456537.71863 1.191437    4.0 -0.04367 0.08702
arccd130901.0076.fits      1      V 2456537.71954 1.193264    4.0 -0.04267 0.06526
arccd130901.0077.fits      1      V 2456537.72045 1.195137    4.0 -0.17217 0.06139
arccd130901.0079.fits      1      V 2456537.72234 1.199167    4.0 -0.06867 0.0554
arccd130901.0080.fits      1      V 2456537.72325 1.201182    4.0 -0.06767 0.05464
arccd130901.0081.fits      1      V 2456537.72416 1.203215    4.0 -0.17917 0.07239
arccd130901.0082.fits      1      V 2456537.72507 1.205347    4.0 -0.12267 0.0512
arccd130901.0083.fits      1      V 2456537.72598 1.207472    4.0 0.05583 0.05639
arccd130901.0084.fits      1      V 2456537.72689 1.209671    4.0 0.03433 0.06065
arccd130901.0085.fits      1      V 2456537.7278 1.211918    4.0 -0.09367 0.05162
arccd130901.0086.fits      1      V 2456537.72871 1.214216    4.0 -0.04317 0.04973
arccd130901.0087.fits      1      V 2456537.72962 1.21656    4.0 -0.06667 0.06306
arccd130901.0088.fits      1      V 2456537.73053 1.218954    4.0 -0.18767 0.06108
arccd130901.0089.fits      1      V 2456537.73144 1.221399    4.0 -0.02417 0.06231
arccd130901.0090.fits      1      V 2456537.73236 1.223892    4.0 -0.26167 0.04793
arccd130901.0091.fits      1      V 2456537.73327 1.226436    4.0 -0.02367 0.06792
arccd130901.0092.fits      1      V 2456537.73418 1.228999    4.0 -0.06367 0.05814
arccd130901.0093.fits      1      V 2456537.73508 1.231644    4.0 -0.05767 0.06653
arccd130901.0094.fits      1      V 2456537.73599 1.234341    4.0 -0.13767 0.06175
arccd130901.0095.fits      1      V 2456537.7369 1.237059    4.0 -0.09117 0.05148
arccd130901.0096.fits      1      V 2456537.73781 1.23986    4.0 -0.15817 0.06154
arccd130901.0097.fits      1      V 2456537.73871 1.242682    4.0 -0.07717 0.0536
arccd130901.0098.fits      1      V 2456537.73962 1.24559    4.0 -0.12317 0.06581
arccd130901.0099.fits      1      V 2456537.7406 1.248781    4.0 -0.13167 0.0493
arccd130901.0100.fits      1      V 2456537.74151 1.25177    4.0 -0.15867 0.06455
arccd130901.0101.fits      1      V 2456537.74241 1.254847    4.0 -0.15617 0.04688
arccd130901.0102.fits      1      V 2456537.74332 1.257941    4.0 -0.12567 0.05054
arccd130901.0103.fits      1      V 2456537.74423 1.261136    4.0 -0.12867 0.0533
arccd130901.0104.fits      1      V 2456537.74513 1.264385    4.0 -0.21267 0.04639
arccd130901.0105.fits      1      V 2456537.74604 1.267653    4.0 -0.18617 0.05914
arccd130901.0106.fits      1      V 2456537.74694 1.270975    4.0 -0.23567 0.05483
arccd130901.0107.fits      1      V 2456537.74785 1.274404    4.0 -0.22667 0.0495
arccd130901.0108.fits      1      V 2456537.74877 1.27789    4.0 -0.25567    0.01
arccd130901.0109.fits      1      V 2456537.74967 1.281437    4.0 -0.09367 0.05109
arccd130901.0110.fits      1      V 2456537.75058 1.285001    4.0 -0.08667 0.06045
arccd130901.0111.fits      1      V 2456537.75149 1.288675    4.0 -0.19767  0.056
arccd130901.0112.fits      1      V 2456537.75239 1.292412    4.0 -0.30417 0.06127
arccd130901.0113.fits      1      V 2456537.7533 1.296161    4.0 -0.27917 0.05332
arccd130901.0114.fits      1      V 2456537.75421 1.300028    4.0 -0.32017 0.05733
arccd130901.0115.fits      1      V 2456537.75512 1.30396    4.0 -0.27717 0.05753
arccd130901.0116.fits      1      V 2456537.75603 1.307904    4.0 -0.21717 0.06425
arccd130901.0117.fits      1      V 2456537.75693 1.311968    4.0 -0.23067 0.05253
arccd130901.0118.fits      1      V 2456537.75784 1.316049    4.0 -0.28117 0.05294
arccd130901.0119.fits      1      V 2456537.75882 1.320626    4.0 -0.29817 0.06084
arccd130901.0120.fits      1      V 2456537.75973 1.324901    4.0 -0.31367 0.04795
arccd130901.0121.fits      1      V 2456537.76064 1.329194    4.0 -0.34567 0.05619
arccd130901.0131.fits      1      V 2456537.76971 1.376562    4.0 -0.12767 0.07215
arccd130901.0132.fits      1      V 2456537.77062 1.381761    4.0 -0.17167 0.06242
arccd130901.0133.fits      1      V 2456537.77153 1.386979    4.0 -0.21567 0.07168
arccd130901.0134.fits      1      V 2456537.77244 1.392347    4.0 -0.28817 0.05394
arccd130901.0135.fits      1      V 2456537.77335 1.3978    4.0 -0.16617 0.04926
arccd130901.0136.fits      1      V 2456537.77426 1.403345    4.0 -0.29217 0.05475
arccd130901.0137.fits      1      V 2456537.77517 1.408984    4.0 -0.18967 0.0487
arccd130901.0138.fits      1      V 2456537.77608 1.414711    4.0 -0.27417 0.05232
arccd130901.0139.fits      1      V 2456537.77706 1.420979    4.0 -0.27767 0.05298
arccd130901.0140.fits      1      V 2456537.77797 1.426831    4.0 -0.15167    0.01
arccd130901.0141.fits      1      V 2456537.77888 1.432848    4.0 -0.22967 0.06008
arccd130901.0142.fits      1      V 2456537.77978 1.438964    4.0 -0.31017 0.04975
arccd130901.0143.fits      1      V 2456537.78069 1.445109    4.0 -0.27217 0.04809
arccd130901.0144.fits      1      V 2456537.7816 1.451505    4.0 -0.28617 0.04295
arccd130901.0145.fits      1      V 2456537.78251 1.457847    4.0 -0.35567 0.04682
arccd130901.0146.fits      1      V 2456537.78341 1.464288    4.0 -0.17517 0.04676
arccd130901.0147.fits      1      V 2456537.78432 1.47092    4.0 -0.26967 0.0494
arccd130901.0148.fits      1      V 2456537.78523 1.477665    4.0 -0.23117 0.05495
arccd130901.0149.fits      1      V 2456537.78614 1.484423    4.0 -0.30267 0.05447
arccd130901.0150.fits      1      V 2456537.78705 1.491388    4.0 -0.29417 0.05029
arccd130901.0151.fits      1      V 2456537.78796 1.498468    4.0 -0.26867 0.05693
arccd130901.0152.fits      1      V 2456537.78886 1.505579    4.0 -0.16567 0.04912
arccd130901.0153.fits      1      V 2456537.78977 1.512888    4.0 -0.35067 0.0479
arccd130901.0154.fits      1      V 2456537.79068 1.52033    4.0 -0.34867 0.05188
arccd130901.0155.fits      1      V 2456537.79159 1.52779    4.0 -0.28167 0.05163
arccd130901.0156.fits      1      V 2456537.79249 1.535468    4.0 -0.28767 0.05823
arccd130901.0157.fits      1      V 2456537.7934 1.543177    4.0 -0.32467 0.05376
arccd130901.0158.fits      1      V 2456537.7943 1.551021    4.0 -0.19317 0.05422
arccd130901.0159.fits      1      V 2456537.79528 1.559701    4.0 -0.28317 0.05451
arccd130901.0160.fits      1      V 2456537.79619 1.567922    4.0 -0.27367 0.05207
arccd130901.0161.fits      1      V 2456537.79709 1.576175    4.0 -0.24317 0.06045
arccd130901.0162.fits      1      V 2456537.798 1.584561    4.0 -0.11217 0.06436
arccd130901.0163.fits      1      V 2456537.7989 1.5932    4.0 -0.23767 0.06328
arccd130901.0164.fits      1      V 2456537.7998 1.601875    4.0 -0.15817 0.0652
arccd130901.0165.fits      1      V 2456537.8007 1.610702    4.0 -0.30717 0.05525
arccd130901.0166.fits      1      V 2456537.8016 1.619676    4.0 -0.20467 0.07161
arccd130901.0167.fits      1      V 2456537.80251 1.628795    4.0 -0.22267 0.05728
arccd130901.0168.fits      1      V 2456537.80341 1.638194    4.0 -0.23267 0.05935
arccd130901.0169.fits      1      V 2456537.80431 1.647646    4.0 -0.28767 0.07877
arccd130901.0170.fits      1      V 2456537.80522 1.657251    4.0 -0.24767 0.05532
arccd130901.0171.fits      1      V 2456537.80612 1.667018    4.0 -0.26367 0.05406
arccd130901.0172.fits      1      V 2456537.80702 1.676963    4.0 -0.14067 0.07112
arccd130901.0173.fits      1      V 2456537.80792 1.687199    4.0 -0.10067 0.06701
arccd130901.0174.fits      1      V 2456537.80883 1.697493    4.0 -0.05367 0.05771
arccd130901.0175.fits      1      V 2456537.80973 1.707963    4.0 -0.09017 0.06286
arccd130901.0176.fits      1      V 2456537.81064 1.718623    4.0 -0.16617 0.06516
arccd130901.0177.fits      1      V 2456537.81154 1.729614    4.0 -0.22717 0.06213
arccd130901.0178.fits      1      V 2456537.81244 1.740659    4.0 -0.24317 0.07293
arccd130901.0179.fits      1      V 2456537.81342 1.752915    4.0 -0.10917 0.05626
arccd130901.0180.fits      1      V 2456537.81433 1.764385    4.0 -0.15017 0.05468
arccd130901.0181.fits      1      V 2456537.81523 1.776194    4.0 -0.12067 0.06162
arccd130901.0182.fits      1      V 2456537.81613 1.788087    4.0 -0.21517 0.05497
arccd130901.0183.fits      1      V 2456537.81704 1.800179    4.0 -0.25817 0.04882
arccd130901.0184.fits      1      V 2456537.81794 1.8125    4.0 -0.05967 0.06487
arccd130901.0185.fits      1      V 2456537.81884 1.825059    4.0 -0.07667 0.06889
arccd130901.0186.fits      1      V 2456537.81975 1.838004    4.0 -0.17867 0.05424
arccd130901.0187.fits      1      V 2456537.82065 1.851022    4.0 -0.17567 0.0544
arccd130901.0188.fits      1      V 2456537.82155 1.864287    4.0 -0.13017 0.05883
arccd130901.0189.fits      1      V 2456537.82245 1.877802    4.0 -0.05667 0.08053
arccd130901.0190.fits      1      V 2456537.82335 1.891578    4.0 -0.02467 0.07145
arccd130901.0191.fits      1      V 2456537.82426 1.905788    4.0 0.06233 0.08075
arccd130901.0192.fits      1      V 2456537.82516 1.920101    4.0 -0.03617 0.0814
arccd130901.0193.fits      1      V 2456537.82606 1.934685    4.0 0.12283 0.06954
arccd130901.0194.fits      1      V 2456537.82697 1.949565    4.0 -0.08767 0.08264
arccd130901.0195.fits      1      V 2456537.82787 1.964733    4.0 -0.08167 0.07673
arccd130901.0196.fits      1      V 2456537.82877 1.980398    4.0 -0.01467 0.06016
arccd130901.0197.fits      1      V 2456537.82968 1.996185    4.0 -0.13167 0.05925
arccd130901.0198.fits      1      V 2456537.83058 2.012287    4.0 -0.18267 0.07135
