2456664.1612 -0.43726 0.03225
2456664.1643 -0.45826 0.02185
2456664.1674 -0.47876 0.02075
2456664.1704 -0.45526 0.02161
2456664.1735 -0.49326 0.02244
2456664.1765 -0.47626 0.02116
2456664.1796 -0.44826 0.02055
2456664.1827 -0.44676 0.0237
2456664.1858 -0.43626 0.01856
2456664.1888 -0.40626 0.0217
2456664.1919 -0.41676 0.01935
2456664.195 -0.30526 0.0193
2456664.1981 -0.24776 0.01864
2456664.2012 -0.15626 0.01919
2456664.2042 -0.13526 0.02206
2456664.2073 -0.00176 0.02251
2456664.2104 0.06974 0.02766
2456664.2135 0.12124 0.02377
2456664.2165 0.17524 0.02501
2456664.2196 0.14424 0.02701
2456664.2227 0.16074 0.02752
2456664.2257 0.10374 0.03523
2456664.2288 0.11374 0.02296
2456664.2319 0.04974 0.02178
2456664.235 -0.05376 0.02888
2456664.238 -0.10026 0.025
2456664.2411 -0.13826 0.02908
2456664.2442 -0.26976 0.02707
2456664.2473 -0.31326 0.02351
2456664.2504 -0.37576 0.02088
2456664.2534 -0.38026 0.02503
2456664.2565 -0.44376 0.02672
2456664.2596 -0.44176 0.01979
2456664.2626 -0.48276 0.02462
2456664.2657 -0.47226 0.02242
2456664.2688 -0.42826 0.02827
2456664.2719 -0.43076 0.01842
2456664.2749 -0.40326 0.017
2456664.278 -0.38926 0.01903
2456664.2811 -0.36526 0.02032
2456664.2842 -0.29126 0.02498
2456664.2872 -0.26926 0.02639
2456664.2903 -0.22726 0.02334
2456664.2934 -0.10026 0.02574
2456664.2965 -0.06926 0.02699
2456664.2995 0.03124 0.02755
2456664.3026 0.05024 0.02439
2456664.3165 0.29024 0.03397
2456664.3189 0.17324 0.04033
2456664.3213 0.15574 0.04361
2456664.3236 0.09274 0.03862
2456664.326 0.01074 0.0307
2456664.3289 -0.03826 0.02601
2456664.3319 -0.07576 0.02926
2456664.335 -0.23576 0.02452
2456664.3381 -0.28576 0.02215
2456664.3411 -0.34376 0.04133
2456664.3442 -0.38476 0.0214
2456664.3472 -0.41176 0.02805
2456664.3503 -0.42926 0.03202
2456664.3534 -0.45126 0.038
2456664.3564 -0.46926 0.02131
2456664.3595 -0.46276 0.03273
2456664.3626 -0.45376 0.02587
2456664.3687 -0.39876 0.02829
2456664.3717 -0.39026 0.03101
2456664.3748 -0.35726 0.02081
2456664.3779 -0.30926 0.0251
2456664.3809 -0.23876 0.02952
2456664.384 -0.17426 0.02302
2456664.3871 -0.09826 0.04361
2456664.3901 0.02074 0.04102
2456664.3932 0.09724 0.02215
2456664.3963 0.16474 0.0322
2456664.3993 0.21374 0.02404
2456664.4024 0.18974 0.03793
