20140106pc.30      1      C 2456664.16127 1.1100000    4.0 -0.43726 0.03225
20140106pc.31      1      C 2456664.16435 1.1100000    4.0 -0.45826 0.02185
20140106pc.32      1      C 2456664.16741 1.1100000    4.0 -0.47876 0.02075
20140106pc.33      1      C 2456664.17047 1.1100000    4.0 -0.45526 0.02161
20140106pc.34      1      C 2456664.17354 1.1100000    4.0 -0.49326 0.02244
20140106pc.35      1      C 2456664.17659 1.1100000    4.0 -0.47626 0.02116
20140106pc.36      1      C 2456664.17967 1.1100000    4.0 -0.44826 0.02055
20140106pc.37      1      C 2456664.18274 1.1100000    4.0 -0.44676 0.0237
20140106pc.38      1      C 2456664.1858 1.1100000    4.0 -0.43626 0.01856
20140106pc.39      1      C 2456664.18888 1.1100000    4.0 -0.40626 0.0217
20140106pc.40      1      C 2456664.19195 1.1100000    4.0 -0.41676 0.01935
20140106pc.41      1      C 2456664.19504 1.1100000    4.0 -0.30526 0.0193
20140106pc.42      1      C 2456664.19812 1.1100000    4.0 -0.24776 0.01864
20140106pc.43      1      C 2456664.2012 1.1100000    4.0 -0.15626 0.01919
20140106pc.44      1      C 2456664.20429 1.1100000    4.0 -0.13526 0.02206
20140106pc.45      1      C 2456664.20737 1.1100000    4.0 -0.00176 0.02251
20140106pc.46      1      C 2456664.21044 1.1100000    4.0 0.06974 0.02766
20140106pc.47      1      C 2456664.21352 1.1100000    4.0 0.12124 0.02377
20140106pc.48      1      C 2456664.21658 1.1100000    4.0 0.17524 0.02501
20140106pc.49      1      C 2456664.21965 1.1100000    4.0 0.14424 0.02701
20140106pc.50      1      C 2456664.22273 1.1100000    4.0 0.16074 0.02752
20140106pc.51      1      C 2456664.22579 1.1100000    4.0 0.10374 0.03523
20140106pc.52      1      C 2456664.22886 1.1100000    4.0 0.11374 0.02296
20140106pc.53      1      C 2456664.23193 1.1100000    4.0 0.04974 0.02178
20140106pc.54      1      C 2456664.235 1.1100000    4.0 -0.05376 0.02888
20140106pc.55      1      C 2456664.23808 1.1100000    4.0 -0.10026  0.025
20140106pc.56      1      C 2456664.24117 1.1100000    4.0 -0.13826 0.02908
20140106pc.57      1      C 2456664.24424 1.1100000    4.0 -0.26976 0.02707
20140106pc.58      1      C 2456664.24732 1.1100000    4.0 -0.31326 0.02351
20140106pc.59      1      C 2456664.2504 1.1100000    4.0 -0.37576 0.02088
20140106pc.60      1      C 2456664.25347 1.1100000    4.0 -0.38026 0.02503
20140106pc.61      1      C 2456664.25655 1.1100000    4.0 -0.44376 0.02672
20140106pc.62      1      C 2456664.25963 1.1100000    4.0 -0.44176 0.01979
20140106pc.63      1      C 2456664.26269 1.1100000    4.0 -0.48276 0.02462
20140106pc.64      1      C 2456664.26576 1.1100000    4.0 -0.47226 0.02242
20140106pc.65      1      C 2456664.26883 1.1100000    4.0 -0.42826 0.02827
20140106pc.66      1      C 2456664.27191 1.1100000    4.0 -0.43076 0.01842
20140106pc.67      1      C 2456664.27497 1.1100000    4.0 -0.40326  0.017
20140106pc.68      1      C 2456664.27804 1.1100000    4.0 -0.38926 0.01903
20140106pc.69      1      C 2456664.28112 1.1100000    4.0 -0.36526 0.02032
20140106pc.70      1      C 2456664.28421 1.1100000    4.0 -0.29126 0.02498
20140106pc.71      1      C 2456664.28728 1.1100000    4.0 -0.26926 0.02639
20140106pc.72      1      C 2456664.29036 1.1100000    4.0 -0.22726 0.02334
20140106pc.73      1      C 2456664.29344 1.1100000    4.0 -0.10026 0.02574
20140106pc.74      1      C 2456664.2965 1.1100000    4.0 -0.06926 0.02699
20140106pc.75      1      C 2456664.29957 1.1100000    4.0 0.03124 0.02755
20140106pc.76      1      C 2456664.30265 1.1100000    4.0 0.05024 0.02439
20140106pc.77      1      C 2456664.31656 1.1100000    4.0 0.29024 0.03397
20140106pc.78      1      C 2456664.31894 1.1100000    4.0 0.17324 0.04033
20140106pc.79      1      C 2456664.3213 1.1100000    4.0 0.15574 0.04361
20140106pc.80      1      C 2456664.32366 1.1100000    4.0 0.09274 0.03862
20140106pc.81      1      C 2456664.32603 1.1100000    4.0 0.01074 0.0307
20140106pc.82      1      C 2456664.3289 1.1100000    4.0 -0.03826 0.02601
20140106pc.83      1      C 2456664.33198 1.1100000    4.0 -0.07576 0.02926
20140106pc.84      1      C 2456664.33504 1.1100000    4.0 -0.23576 0.02452
20140106pc.85      1      C 2456664.33811 1.1100000    4.0 -0.28576 0.02215
20140106pc.86      1      C 2456664.34117 1.1100000    4.0 -0.34376 0.04133
20140106pc.87      1      C 2456664.34423 1.1100000    4.0 -0.38476 0.0214
20140106pc.88      1      C 2456664.34729 1.1100000    4.0 -0.41176 0.02805
20140106pc.89      1      C 2456664.35035 1.1100000    4.0 -0.42926 0.03202
20140106pc.90      1      C 2456664.35342 1.1100000    4.0 -0.45126  0.038
20140106pc.91      1      C 2456664.35648 1.1100000    4.0 -0.46926 0.02131
20140106pc.92      1      C 2456664.35954 1.1100000    4.0 -0.46276 0.03273
20140106pc.93      1      C 2456664.3626 1.1100000    4.0 -0.45376 0.02587
20140106pc.95      1      C 2456664.36872 1.1100000    4.0 -0.39876 0.02829
20140106pc.96      1      C 2456664.37178 1.1100000    4.0 -0.39026 0.03101
20140106pc.97      1      C 2456664.37485 1.1100000    4.0 -0.35726 0.02081
20140106pc.98      1      C 2456664.37792 1.1100000    4.0 -0.30926 0.0251
20140106pc.99      1      C 2456664.38099 1.1100000    4.0 -0.23876 0.02952
20140106pc.100      1      C 2456664.38406 1.1100000    4.0 -0.17426 0.02302
20140106pc.101      1      C 2456664.38713 1.1100000    4.0 -0.09826 0.04361
20140106pc.102      1      C 2456664.39019 1.1100000    4.0 0.02074 0.04102
20140106pc.103      1      C 2456664.39326 1.1100000    4.0 0.09724 0.02215
20140106pc.104      1      C 2456664.39633 1.1100000    4.0 0.16474 0.0322
20140106pc.105      1      C 2456664.39939 1.1100000    4.0 0.21374 0.02404
20140106pc.106      1      C 2456664.40246 1.1100000    4.0 0.18974 0.03793
