2454645.5245 14.021 0.022 1
2454645.5307 14.009 0.024 1
2454645.5368 14.01 0.024 1
2454645.5431 14.033 0.023 1
2454645.5493 14.023 0.023 1
2454645.5554 14.03 0.024 1
2454645.5616 14.029 0.023 1
2454645.5678 14.064 0.024 1
2454645.5739 14.062 0.023 1
2454645.5801 14.081 0.025 1
2454645.5862 14.08 0.023 1
2454645.5924 14.087 0.024 1
2454645.5987 14.118 0.023 1
2454645.6041 14.131 0.022 1
2454646.5115 13.986 0.034 2
2454646.5161 13.969 0.033 2
2454646.5207 13.95 0.034 2
2454646.5253 13.931 0.033 2
2454649.4995 14.092 0.026 3
2454649.5057 14.063 0.026 3
2454649.5118 14.069 0.025 3
2454649.518 14.07 0.027 3
2454649.5244 14.063 0.024 3
2454649.5306 14.074 0.024 3
2454649.5368 14.066 0.024 3
2454649.5429 14.058 0.023 3
2454649.5491 14.072 0.022 3
2454649.5552 14.064 0.022 3
2454649.5615 14.048 0.024 3
2454649.5677 14.045 0.023 3
2454649.5738 14.03 0.023 3
2454649.58 14.04 0.023 3
2454649.5862 14.018 0.024 3
2454649.5923 14.013 0.025 3
2454649.5986 13.988 0.026 3
2454649.6049 13.994 0.025 3
2454651.4673 14.015 0.027 4
2454651.4735 14.015 0.028 4
2454651.4797 14.028 0.027 4
2454651.4859 14.012 0.026 4
2454651.4921 14.014 0.022 4
2454651.4984 14.037 0.02 4
2454651.5047 14.024 0.021 4
2454651.5109 14.041 0.021 4
2454651.5171 14.029 0.021 4
2454651.5233 14.031 0.02 4
2454651.5295 14.037 0.02 4
2454651.5357 14.038 0.022 4
2454651.5419 14.045 0.02 4
2454651.5481 14.044 0.021 4
2454651.5542 14.041 0.02 4
2454651.5604 14.044 0.021 4
2454651.5667 14.059 0.023 4
2454651.5729 14.056 0.023 4
2454651.579 14.058 0.021 4
2454651.5852 14.035 0.022 4
2454651.5913 14.038 0.02 4
2454651.5975 14.035 0.022 4
2454651.6021 14.03 0.025 4
2454652.4374 13.921 0.021 5
2454652.442 13.942 0.021 5
2454652.4467 13.951 0.022 5
2454652.4513 13.954 0.02 5
2454652.4561 13.96 0.021 5
2454652.4607 13.978 0.022 5
2454652.4653 13.985 0.02 5
2454652.47 13.991 0.02 5
2454652.4746 14.005 0.022 5
2454652.4792 14.016 0.02 5
2454652.5453 14.192 0.017 5
2454652.55 14.198 0.017 5
2454652.5547 14.207 0.017 5
2454652.5594 14.23 0.018 5
2454652.5641 14.235 0.019 5
2454652.5688 14.254 0.02 5
2454652.5735 14.241 0.021 5
2454652.5781 14.237 0.018 5
2454652.5828 14.247 0.019 5
2454652.5875 14.238 0.02 5
2454652.5922 14.237 0.019 5
2454652.5969 14.252 0.021 5
2454652.6015 14.231 0.021 5
2454652.6062 14.216 0.02 5
2454654.4255 14.022 0.023 6
2454654.4317 14.046 0.023 6
2454654.4379 14.025 0.024 6
2454654.4442 14.039 0.024 6
2454654.4504 14.032 0.026 6
2454654.4566 14.025 0.024 6
2454654.4628 14.03 0.023 6
2454654.4691 14.035 0.025 6
2454654.4754 14.028 0.024 6
2454654.4815 14.034 0.023 6
2454654.4877 14.046 0.022 6
2454654.4939 14.05 0.023 6
2454654.5 14.053 0.022 6
2454654.5062 14.053 0.021 6
2454654.5123 14.056 0.021 6
2454654.5185 14.088 0.019 6
2454654.5254 14.086 0.022 6
2454654.5339 14.109 0.019 6
2454654.5401 14.116 0.023 6
2454654.5475 14.136 0.02 6
2454654.5632 14.165 0.021 6
2454654.5693 14.204 0.021 6
2454654.5755 14.224 0.02 6
2454654.5817 14.234 0.022 6
2454654.5878 14.256 0.021 6
2454654.594 14.266 0.022 6
2454654.6001 14.281 0.024 6
2454655.4345 13.991 0.018 7
2454655.4399 13.967 0.015 7
2454655.4455 13.961 0.016 7
2454655.4509 13.953 0.016 7
2454655.4563 13.944 0.015 7
2454655.4617 13.948 0.016 7
2454655.4673 13.92 0.016 7
2454655.4727 13.918 0.015 7
2454655.4781 13.916 0.015 7
2454655.4835 13.923 0.015 7
2454655.4889 13.91 0.015 7
2454655.4944 13.917 0.015 7
2454655.5 13.913 0.014 7
2454655.5054 13.908 0.015 7
2454655.5108 13.913 0.014 7
2454655.5163 13.921 0.015 7
2454655.5218 13.927 0.014 7
2454655.5272 13.932 0.014 7
2454655.5326 13.946 0.014 7
2454655.538 13.96 0.015 7
2454655.5434 13.956 0.014 7
2454655.5488 13.983 0.014 7
2454655.5542 13.999 0.014 7
2454655.5596 14.002 0.015 7
2454655.5652 14.009 0.015 7
2454655.5706 14.016 0.016 7
2454655.5759 14.032 0.016 7
2454655.5814 14.05 0.017 7
2454655.587 14.044 0.015 7
2454655.5924 14.065 0.016 7
2454655.5978 14.06 0.014 7
2454655.6031 14.07 0.015 7
2454657.4474 14.279 0.023 8
2454657.4528 14.255 0.022 8
2454657.4583 14.239 0.021 8
2454657.4653 14.214 0.019 8
2454657.4727 14.188 0.021 8
2454657.4781 14.186 0.024 8
2454657.4837 14.141 0.022 8
2454657.4892 14.139 0.023 8
2454657.4951 14.121 0.022 8
2454657.5008 14.1 0.023 8
2454657.5062 14.084 0.02 8
2454657.5116 14.08 0.018 8
2454657.517 14.073 0.017 8
2454657.5223 14.055 0.018 8
2454657.5277 14.056 0.018 8
2454657.5333 14.037 0.017 8
2454657.5387 14.047 0.017 8
2454657.5441 14.027 0.018 8
2454657.5495 14.036 0.019 8
2454657.5549 14.045 0.019 8
2454657.5603 14.034 0.018 8
2454659.4152 14.129 0.023 9
2454659.4206 14.124 0.028 9
2454659.426 14.146 0.025 9
2454659.4314 14.172 0.027 9
2454659.4553 14.191 0.025 9
2454659.4607 14.179 0.026 9
2454659.4661 14.173 0.026 9
2454659.4715 14.157 0.023 9
2454659.4769 14.16 0.023 9
2454659.4823 14.133 0.024 9
2454659.4879 14.122 0.023 9
2454659.4933 14.094 0.024 9
2454659.4987 14.079 0.023 9
2454659.5041 14.059 0.023 9
2454659.5096 14.036 0.022 9
2454659.5177 14.016 0.021 9
2454659.5238 13.99 0.024 9
2454659.5295 13.961 0.022 9
2454659.535 13.968 0.02 9
2454659.5404 13.929 0.019 9
