2454673.8472 13.976 0.015 1
2454673.8477 13.976 0.012 1
2454673.8482 13.985 0.014 1
2454673.8488 13.979 0.012 1
2454673.8493 13.985 0.012 1
2454673.8498 13.983 0.014 1
2454673.8503 13.982 0.014 1
2454673.8508 13.983 0.013 1
2454673.8514 13.988 0.013 1
2454673.8519 13.987 0.013 1
2454673.8524 13.987 0.013 1
2454673.8529 13.985 0.013 1
2454673.8535 13.989 0.012 1
2454673.8545 13.99 0.016 1
2454673.855 13.984 0.013 1
2454673.8555 13.989 0.013 1
2454673.856 13.986 0.014 1
2454673.8565 13.988 0.013 1
2454673.8571 13.994 0.014 1
2454673.8576 13.989 0.014 1
2454673.8581 13.995 0.013 1
2454673.8586 13.995 0.012 1
2454673.8592 13.984 0.014 1
2454673.8758 14.004 0.013 1
2454673.8763 14.008 0.014 1
2454673.8779 14.006 0.014 1
2454673.8784 14.006 0.014 1
2454673.879 14.01 0.013 1
2454673.8795 14.008 0.014 1
2454673.88 14.009 0.013 1
2454673.8805 14.014 0.014 1
2454673.881 14.014 0.014 1
2454673.8816 14.005 0.013 1
2454673.8821 14.005 0.013 1
2454673.8826 14.011 0.013 1
2454673.8831 14.012 0.014 1
2454673.8837 14.011 0.013 1
2454673.8842 14.007 0.015 1
2454673.8847 14.006 0.013 1
2454673.8852 14.006 0.014 1
2454673.8858 14.007 0.015 1
2454673.8864 14.005 0.015 1
2454673.8869 14.005 0.013 1
2454673.9022 14.001 0.015 1
2454673.9027 13.998 0.012 1
2454673.9032 13.993 0.014 1
2454673.9037 13.995 0.014 1
2454673.9043 14.0 0.013 1
2454673.9048 14.001 0.014 1
2454673.9053 13.998 0.015 1
2454673.9058 14.0 0.012 1
2454673.9064 14.002 0.012 1
2454673.9069 13.992 0.012 1
2454673.9074 13.999 0.013 1
2454673.9079 13.986 0.012 1
2454673.9084 13.993 0.012 1
2454673.909 13.989 0.012 1
2454673.9095 13.991 0.012 1
2454673.91 13.987 0.013 1
2454673.9106 13.989 0.014 1
2454673.9111 13.987 0.012 1
2454673.9116 13.985 0.013 1
2454673.9121 13.987 0.014 1
2454673.9629 13.824 0.018 1
2454673.9635 13.823 0.011 1
2454673.964 13.827 0.011 1
2454673.9645 13.819 0.012 1
2454673.965 13.82 0.011 1
2454673.9656 13.822 0.011 1
2454673.9661 13.821 0.011 1
2454673.9666 13.816 0.011 1
2454673.9671 13.813 0.012 1
2454673.9676 13.809 0.011 1
2454673.9682 13.814 0.012 1
2454673.9687 13.812 0.014 1
2454673.9692 13.808 0.011 1
2454673.9697 13.803 0.012 1
2454673.9703 13.8 0.011 1
2454673.9708 13.798 0.012 1
2454673.9713 13.802 0.013 1
2454673.9718 13.798 0.011 1
2454673.9723 13.799 0.011 1
2454673.9729 13.798 0.012 1
2454673.9734 13.795 0.012 1
2454673.9739 13.8 0.012 1
2454673.9744 13.798 0.011 1
2454673.975 13.789 0.015 1
2454673.9755 13.785 0.014 1
2454673.976 13.78 0.013 1
2454673.9765 13.787 0.011 1
2454673.977 13.78 0.011 1
2454673.9776 13.782 0.012 1
2454673.9781 13.774 0.011 1
2454673.9786 13.777 0.012 1
2454673.9791 13.778 0.013 1
2454673.9797 13.777 0.011 1
2454673.9802 13.771 0.012 1
2454673.9807 13.767 0.011 1
2454673.9812 13.765 0.011 1
2454673.9817 13.749 0.019 1
2454673.9823 13.758 0.013 1
2454673.9828 13.768 0.013 1
2454674.0249 13.677 0.017 1
2454674.0255 13.675 0.013 1
2454674.026 13.671 0.016 1
2454674.0265 13.675 0.016 1
2454674.027 13.68 0.018 1
2454674.0275 13.686 0.017 1
2454674.0281 13.674 0.018 1
2454674.0286 13.659 0.029 1
2454674.0291 13.663 0.02 1
2454674.0296 13.676 0.018 1
2454674.0302 13.671 0.017 1
2454674.0307 13.675 0.019 1
2454674.0312 13.673 0.016 1
2454674.0317 13.662 0.027 1
2454674.0322 13.674 0.016 1
2454674.0328 13.674 0.017 1
2454674.0333 13.676 0.016 1
2454674.0338 13.673 0.016 1
2454674.0343 13.674 0.016 1
2454674.0348 13.671 0.015 1
2454675.8701 13.926 0.015 2
2454675.8709 13.927 0.015 2
2454675.8726 13.938 0.015 2
2454675.8734 13.938 0.015 2
2454675.8744 13.942 0.015 2
2454675.8752 13.94 0.015 2
2454675.876 13.942 0.015 2
2454675.8768 13.941 0.015 2
2454675.8776 13.946 0.015 2
2454675.8784 13.947 0.015 2
2454675.8792 13.949 0.015 2
2454675.8801 13.953 0.015 2
2454675.8809 13.956 0.015 2
2454675.8817 13.954 0.015 2
2454675.8825 13.959 0.015 2
2454675.8833 13.959 0.015 2
2454675.8841 13.953 0.015 2
2454675.8849 13.965 0.015 2
2454675.8857 13.965 0.015 2
2454675.8865 13.967 0.015 2
2454675.9051 14.0 0.015 2
2454675.9059 13.998 0.015 2
2454675.9067 13.998 0.015 2
2454675.9075 13.999 0.015 2
2454675.9083 14.0 0.015 2
2454675.9091 14.0 0.015 2
2454675.9099 14.003 0.015 2
2454675.9108 14.005 0.015 2
2454675.9116 14.003 0.015 2
2454675.9124 14.003 0.015 2
2454675.9132 14.007 0.015 2
2454675.914 14.005 0.015 2
2454675.9148 14.009 0.015 2
2454675.9156 14.008 0.015 2
2454675.9164 14.01 0.015 2
2454675.9172 14.011 0.015 2
2454675.9181 14.011 0.015 2
2454675.9189 14.011 0.015 2
2454675.9197 14.015 0.015 2
2454675.9205 14.014 0.015 2
2454675.9562 14.038 0.015 2
2454675.957 14.032 0.015 2
2454675.9578 14.036 0.015 2
2454675.9586 14.033 0.015 2
2454675.9594 14.029 0.015 2
2454675.9602 14.035 0.015 2
2454675.961 14.029 0.015 2
2454675.9619 14.032 0.015 2
2454675.9627 14.03 0.015 2
2454675.9635 14.029 0.015 2
2454675.9643 14.028 0.015 2
2454675.9651 14.027 0.015 2
2454675.9659 14.026 0.015 2
2454675.9667 14.024 0.015 2
2454675.9675 14.024 0.015 2
2454675.9683 14.023 0.015 2
2454675.9692 14.021 0.015 2
2454675.97 14.019 0.015 2
2454675.9708 14.02 0.015 2
2454675.9716 14.02 0.015 2
2454675.9724 14.019 0.015 2
2454675.9732 14.017 0.015 2
2454675.974 14.016 0.015 2
2454676.0321 13.854 0.015 2
2454676.0329 13.851 0.015 2
2454676.0337 13.849 0.015 2
2454676.0345 13.85 0.015 2
2454676.0353 13.845 0.015 2
2454676.0361 13.846 0.015 2
2454676.0369 13.838 0.015 2
2454676.0377 13.841 0.015 2
2454676.0385 13.841 0.015 2
2454676.0394 13.838 0.015 2
2454676.0402 13.833 0.015 2
2454676.041 13.831 0.015 2
2454676.0418 13.826 0.015 2
2454676.0426 13.827 0.015 2
2454676.0434 13.825 0.015 2
2454676.0442 13.827 0.015 2
2454676.045 13.823 0.015 2
2454676.0458 13.822 0.015 2
2454676.0467 13.815 0.015 2
2454676.0475 13.818 0.015 2
2454676.797 13.186 0.015 3
2454676.7985 13.19 0.015 3
2454676.7991 13.19 0.015 3
2454676.7997 13.187 0.015 3
2454676.8003 13.191 0.015 3
2454676.8009 13.189 0.015 3
2454676.8014 13.192 0.015 3
2454676.802 13.186 0.015 3
2454676.8026 13.186 0.015 3
2454676.8032 13.204 0.015 3
2454676.8038 13.188 0.015 3
2454676.8044 13.194 0.015 3
2454676.8049 13.189 0.015 3
2454676.8055 13.192 0.015 3
2454676.8061 13.195 0.015 3
2454676.8067 13.192 0.015 3
2454676.8073 13.194 0.015 3
2454676.8078 13.195 0.015 3
2454676.8084 13.194 0.015 3
2454676.809 13.197 0.015 3
2454676.8096 13.198 0.015 3
2454676.8104 13.198 0.015 3
2454676.811 13.199 0.015 3
2454676.8116 13.198 0.015 3
2454676.8122 13.196 0.015 3
2454676.8128 13.202 0.015 3
2454676.8133 13.196 0.015 3
2454676.8139 13.193 0.015 3
2454676.8145 13.195 0.015 3
2454676.8151 13.199 0.015 3
2454676.8157 13.198 0.015 3
2454676.8162 13.201 0.015 3
2454676.8168 13.204 0.015 3
2454676.8174 13.208 0.015 3
2454676.818 13.205 0.015 3
2454676.8186 13.21 0.015 3
2454676.8192 13.209 0.015 3
2454676.8197 13.203 0.015 3
2454676.8203 13.206 0.015 3
2454676.8209 13.21 0.015 3
2454676.8215 13.215 0.015 3
2454676.8466 13.25 0.015 3
2454676.8472 13.254 0.015 3
2454676.8478 13.261 0.015 3
2454676.8483 13.265 0.015 3
2454676.8489 13.27 0.015 3
2454676.8495 13.266 0.015 3
2454676.8501 13.273 0.015 3
2454676.8507 13.272 0.015 3
2454676.8513 13.268 0.015 3
2454676.8518 13.268 0.015 3
2454676.8524 13.271 0.015 3
2454676.853 13.272 0.015 3
2454676.8536 13.274 0.015 3
2454676.8542 13.277 0.015 3
2454676.8548 13.278 0.015 3
2454676.8553 13.272 0.015 3
2454676.8559 13.283 0.015 3
2454676.8565 13.275 0.015 3
2454676.8571 13.282 0.015 3
2454676.8577 13.282 0.015 3
2454676.8583 13.284 0.015 3
2454676.8588 13.285 0.015 3
2454676.8594 13.287 0.015 3
2454676.86 13.282 0.015 3
2454676.8606 13.289 0.015 3
2454676.8612 13.29 0.015 3
2454676.8617 13.289 0.015 3
2454676.8623 13.286 0.015 3
2454676.8629 13.286 0.015 3
2454676.8635 13.293 0.015 3
2454676.8641 13.295 0.015 3
2454676.8647 13.296 0.015 3
2454676.8652 13.294 0.015 3
2454676.8658 13.299 0.015 3
2454676.8664 13.3 0.015 3
2454676.867 13.299 0.015 3
2454676.8676 13.3 0.015 3
2454676.8682 13.303 0.015 3
2454676.8687 13.305 0.015 3
2454676.8693 13.304 0.015 3
2454676.9045 13.364 0.015 3
2454676.9051 13.366 0.015 3
2454676.9056 13.366 0.015 3
2454676.9062 13.369 0.015 3
2454676.9068 13.368 0.015 3
2454676.9074 13.37 0.015 3
2454676.908 13.368 0.015 3
2454676.9086 13.373 0.015 3
2454676.9091 13.376 0.015 3
2454676.9097 13.374 0.015 3
2454676.9103 13.37 0.015 3
2454676.9109 13.371 0.015 3
2454676.9115 13.37 0.015 3
2454676.912 13.37 0.015 3
2454676.9126 13.376 0.015 3
2454676.9132 13.373 0.015 3
2454676.9138 13.372 0.015 3
2454676.9144 13.374 0.015 3
2454676.915 13.376 0.015 3
2454676.9155 13.377 0.015 3
2454676.9161 13.373 0.015 3
2454676.9167 13.376 0.015 3
2454676.9173 13.372 0.015 3
2454676.9179 13.375 0.015 3
2454676.9184 13.375 0.015 3
2454676.919 13.373 0.015 3
2454676.9196 13.377 0.015 3
2454676.9202 13.378 0.015 3
2454676.9208 13.374 0.015 3
