2455988.90347  18.801   0.048
2455988.90671  18.801   0.048
2455988.90891  18.878   0.050
2455988.91144  18.720   0.044
2455988.91329  19.088   0.062
2455988.91502  18.829   0.047
2455988.91685  18.963   0.054
2455988.91871  18.886   0.049
2455988.92060  18.810   0.045
2455988.92242  18.756   0.044
2455988.92418  18.847   0.046
2455988.92595  18.923   0.049
2455988.92764  18.975   0.060
2455988.92945  19.141   0.062
2455988.93460  18.900   0.064
2455988.93808  18.898   0.048
2455988.93982  18.698   0.037
2455988.94152  18.635   0.035
2455988.94324  18.680   0.037
2455988.94494  18.722   0.042
2455988.94670  18.685   0.048
2455988.94841  18.583   0.047
2455988.95011  18.644   0.035
2455988.95180  18.586   0.034
2455988.95408  18.580   0.032
2455988.95918  18.721   0.039
2455988.96096  18.370   0.028
2455988.96266  18.459   0.030
2455988.96438  18.539   0.032
2455988.96607  18.490   0.041
2455988.96778  18.428   0.046
2455988.96979  18.331   0.034
2455988.97149  18.395   0.035
2455988.97318  18.551   0.045
2455988.97488  18.078   0.037
2455988.97658  18.250   0.077
2455988.97833  18.331   0.057
2455988.98004  18.189   0.048
2455988.98175  18.161   0.086
2455988.98903  18.247   0.074
2455988.99412  18.241   0.025
2455988.99600  18.181   0.022
2455989.00111  18.272   0.025
2455989.00281  18.418   0.024
2455989.00467  18.249   0.023
2455989.00636  18.309   0.024
2455989.00806  18.317   0.025
2455989.00976  18.273   0.024
2455989.01146  18.297   0.023
2455989.01546  18.461   0.025
2455989.01743  18.562   0.026
2455989.01918  18.509   0.025
2455989.02093  18.504   0.024
2455989.02270  18.506   0.024
2455989.02447  18.551   0.025
2455989.02636  18.478   0.023
2455989.03188  18.775   0.031
2455989.03377  18.616   0.027
2455989.03546  18.615   0.027
2455989.03717  18.708   0.030
2455989.03887  18.669   0.029
2455989.04056  18.599   0.027
2455989.04521  18.623   0.027
2455989.04690  18.555   0.025
2455989.04861  18.582   0.026
2455989.05030  18.542   0.025
2455989.05561  18.450   0.022
2455989.05731  18.450   0.023
2455989.05901  18.542   0.025
2455989.06070  18.419   0.022
2455989.06240  18.385   0.022
2455989.06442  18.322   0.020
2455989.06612  18.310   0.020
2455989.06781  18.267   0.019
2455989.06952  18.281   0.020
2455989.07122  18.218   0.019
2455989.07339  18.220   0.019
2455989.07509  18.255   0.020
2455989.07679  18.190   0.019
2455989.07849  18.217   0.019
2455989.08019  18.139   0.018
2455989.08195  18.134   0.018
2455989.08716  18.139   0.017
2455989.08887  18.150   0.017
2455989.09081  18.156   0.017
2455989.09251  18.093   0.016
2455989.09422  18.149   0.016
2455989.09592  18.115   0.016
2455989.09763  18.221   0.018
2455989.09946  18.151   0.017
2455989.10116  18.098   0.016
2455989.10286  18.093   0.016
2455989.10455  18.140   0.016
2455989.10625  18.154   0.017
2455989.10825  18.239   0.018
2455989.10995  18.206   0.017
2455989.11165  18.196   0.017
2455989.11334  18.277   0.019
2455989.11504  18.280   0.019
2455989.11686  18.221   0.018
2455989.11856  18.274   0.019
2455989.12026  18.392   0.020
2455989.12196  18.252   0.018
2455989.12365  18.390   0.020
2455989.12543  18.348   0.019
2455989.12713  18.393   0.019
2455989.12883  18.460   0.021
2455989.13052  18.482   0.021
2455989.13222  18.448   0.021
2455989.13421  18.517   0.022
2455989.13761  18.574   0.025
2455989.13930  18.580   0.023
2455989.14100  18.597   0.024
2455989.14786  18.755   0.026
2455989.14956  18.689   0.025
2455989.15134  18.756   0.027
2455989.15304  18.812   0.031
2455989.15482  18.885   0.035
2455989.15692  18.911   0.039