IMAGE   JD              AIRMASS  M_inst  M_cal   ERR
n1.097  2454673.847217  1.371    13.499  13.976  0.015
n1.098  2454673.847739  1.367    13.508  13.976  0.012
n1.099  2454673.848267  1.364    13.506  13.985  0.014
n1.100  2454673.848800  1.361    13.498  13.979  0.012
n1.101  2454673.849326  1.357    13.508  13.985  0.012
n1.102  2454673.849848  1.354    13.509  13.983  0.014
n1.103  2454673.850371  1.351    13.507  13.982  0.014
n1.104  2454673.850893  1.348    13.508  13.983  0.013
n1.105  2454673.851419  1.345    13.507  13.988  0.013
n1.106  2454673.851947  1.342    13.505  13.987  0.013
n1.107  2454673.852468  1.339    13.506  13.987  0.013
n1.108  2454673.852990  1.336    13.511  13.985  0.013
n1.109  2454673.853515  1.333    13.511  13.989  0.012
n1.110  2454673.854501  1.327    13.510  13.990  0.016
n1.111  2454673.855023  1.324    13.510  13.984  0.013
n1.112  2454673.855544  1.321    13.511  13.989  0.013
n1.113  2454673.856067  1.319    13.514  13.986  0.014
n1.114  2454673.856589  1.316    13.513  13.988  0.013
n1.115  2454673.857111  1.313    13.514  13.994  0.014
n1.116  2454673.857634  1.310    13.510  13.989  0.014
n1.117  2454673.858156  1.307    13.512  13.995  0.013
n1.118  2454673.858679  1.305    13.519  13.995  0.012
n1.119  2454673.859201  1.302    13.509  13.984  0.014
n1.136  2454673.875869  1.229    13.528  14.004  0.013
n1.137  2454673.876392  1.227    13.527  14.008  0.014
n1.140  2454673.877959  1.221    13.530  14.006  0.014
n1.141  2454673.878482  1.220    13.532  14.006  0.014
n1.142  2454673.879005  1.218    13.531  14.010  0.013
n1.143  2454673.879527  1.216    13.530  14.008  0.014
n1.144  2454673.880050  1.214    13.533  14.009  0.013
n1.145  2454673.880576  1.212    13.539  14.014  0.014
n1.146  2454673.881098  1.211    13.551  14.014  0.014
n1.147  2454673.881621  1.209    13.531  14.005  0.013
n1.148  2454673.882143  1.207    13.532  14.005  0.013
n1.149  2454673.882668  1.205    13.535  14.011  0.013
n1.150  2454673.883190  1.204    13.534  14.012  0.014
n1.151  2454673.883712  1.202    13.533  14.011  0.013
n1.152  2454673.884234  1.200    13.533  14.007  0.015
n1.153  2454673.884761  1.199    13.534  14.006  0.013
n1.154  2454673.885285  1.197    13.540  14.006  0.014
n1.155  2454673.885807  1.195    13.552  14.007  0.015
n1.156  2454673.886418  1.194    13.545  14.005  0.015
n1.157  2454673.886940  1.192    13.534  14.005  0.013
n1.182  2454673.902223  1.154    13.529  14.001  0.015
n1.183  2454673.902746  1.153    13.522  13.998  0.012
n1.184  2454673.903269  1.152    13.514  13.993  0.014
n1.185  2454673.903791  1.151    13.519  13.995  0.014
n1.186  2454673.904313  1.150    13.519  14.000  0.013
n1.187  2454673.904835  1.148    13.521  14.001  0.014
n1.188  2454673.905357  1.148    13.521  13.998  0.015
n1.189  2454673.905880  1.147    13.539  14.000  0.012
n1.190  2454673.906403  1.146    13.522  14.002  0.012
n1.191  2454673.906924  1.145    13.516  13.992  0.012
n1.192  2454673.907446  1.144    13.523  13.999  0.013
n1.193  2454673.907968  1.143    13.512  13.986  0.012
n1.194  2454673.908491  1.142    13.521  13.993  0.012
n1.195  2454673.909013  1.141    13.512  13.989  0.012
n1.196  2454673.909536  1.140    13.516  13.991  0.012
n1.197  2454673.910058  1.139    13.515  13.987  0.013
n1.198  2454673.910609  1.138    13.513  13.989  0.014
n1.199  2454673.911134  1.137    13.510  13.987  0.012
n1.200  2454673.911657  1.137    13.510  13.985  0.013
n1.201  2454673.912179  1.136    13.511  13.987  0.014
n1.271  2454673.962989  1.119    13.905  13.824  0.018
n1.272  2454673.963511  1.120    13.354  13.823  0.011
n1.273  2454673.964033  1.120    13.357  13.827  0.011
n1.274  2454673.964556  1.121    13.347  13.819  0.012
n1.275  2454673.965078  1.121    13.339  13.820  0.011
n1.276  2454673.965601  1.122    13.340  13.822  0.011
n1.277  2454673.966122  1.122    13.341  13.821  0.011
n1.278  2454673.966645  1.123    13.345  13.816  0.011
n1.279  2454673.967167  1.123    13.339  13.813  0.012
n1.280  2454673.967689  1.124    13.332  13.809  0.011
n1.281  2454673.968212  1.124    13.333  13.814  0.012
n1.282  2454673.968735  1.125    13.330  13.812  0.014
n1.283  2454673.969257  1.125    13.322  13.808  0.011
n1.284  2454673.969779  1.126    13.315  13.803  0.012
n1.285  2454673.970302  1.127    13.318  13.800  0.011
n1.286  2454673.970823  1.127    13.313  13.798  0.012
n1.287  2454673.971345  1.128    13.315  13.802  0.013
n1.288  2454673.971867  1.129    13.314  13.798  0.011
n1.289  2454673.972389  1.129    13.319  13.799  0.011
n1.290  2454673.972911  1.130    13.319  13.798  0.012
n1.291  2454673.973434  1.131    13.314  13.795  0.012
n1.292  2454673.973956  1.131    13.314  13.800  0.012
n1.293  2454673.974478  1.132    13.314  13.798  0.011
n1.294  2454673.975000  1.133    13.308  13.789  0.015
n1.295  2454673.975522  1.134    13.304  13.785  0.014
n1.296  2454673.976044  1.134    13.297  13.780  0.013
n1.297  2454673.976566  1.135    13.304  13.787  0.011
n1.298  2454673.977088  1.136    13.299  13.780  0.011
n1.299  2454673.977610  1.137    13.299  13.782  0.012
n1.300  2454673.978132  1.138    13.291  13.774  0.011
n1.301  2454673.978654  1.138    13.298  13.777  0.012
n1.302  2454673.979180  1.139    13.293  13.778  0.013
n1.303  2454673.979702  1.140    13.294  13.777  0.011
n1.304  2454673.980224  1.141    13.283  13.771  0.012
n1.305  2454673.980747  1.142    13.284  13.767  0.011
n1.306  2454673.981272  1.143    13.279  13.765  0.011
n1.307  2454673.981795  1.144    13.276  13.749  0.019
n1.308  2454673.982316  1.145    13.277  13.758  0.013
n1.309  2454673.982839  1.146    13.286  13.768  0.013
n1.360  2454674.024980  1.278    13.197  13.677  0.017
n1.361  2454674.025502  1.280    13.187  13.675  0.013
n1.362  2454674.026024  1.283    13.185  13.671  0.016
n1.363  2454674.026546  1.285    13.185  13.675  0.016
n1.364  2454674.027068  1.288    13.191  13.680  0.018
n1.365  2454674.027590  1.290    13.189  13.686  0.017
n1.366  2454674.028112  1.293    13.184  13.674  0.018
n1.367  2454674.028634  1.295    13.184  13.659  0.029
n1.368  2454674.029157  1.298    13.184  13.663  0.020
n1.369  2454674.029678  1.301    13.200  13.676  0.018
n1.370  2454674.030200  1.303    13.183  13.671  0.017
n1.371  2454674.030722  1.306    13.185  13.675  0.019
n1.372  2454674.031244  1.309    13.186  13.673  0.016
n1.373  2454674.031766  1.311    13.191  13.662  0.027
n1.374  2454674.032289  1.314    13.188  13.674  0.016
n1.375  2454674.032811  1.317    13.187  13.674  0.017
n1.376  2454674.033332  1.320    13.190  13.676  0.016
n1.377  2454674.033854  1.323    13.185  13.673  0.016
n1.378  2454674.034376  1.325    13.187  13.674  0.016
n1.379  2454674.034897  1.328    13.183  13.671  0.015
n2.136  2454675.870187  1.228    13.502  13.926  0.066
n2.137  2454675.870999  1.225    13.513  13.927  0.066
n2.138  2454675.872654  1.219    13.715  13.938  0.066
n2.139  2454675.873465  1.216    13.807  13.938  0.066
n2.140  2454675.874424  1.213    13.791  13.942  0.066
n2.141  2454675.875234  1.210    13.733  13.940  0.066
n2.142  2454675.876045  1.207    13.819  13.942  0.066
n2.143  2454675.876857  1.205    13.714  13.941  0.066
n2.144  2454675.877668  1.202    13.643  13.946  0.066
n2.145  2454675.878481  1.200    13.607  13.947  0.066
n2.146  2454675.879292  1.197    13.777  13.949  0.066
n2.147  2454675.880103  1.195    13.907  13.953  0.066
n2.148  2454675.880914  1.192    14.013  13.956  0.066
n2.149  2454675.881725  1.190    14.317  13.954  0.066
n2.150  2454675.882537  1.187    14.113  13.959  0.066
n2.151  2454675.883349  1.185    14.069  13.959  0.066
n2.152  2454675.884161  1.183    13.917  13.953  0.066
n2.153  2454675.884971  1.181    13.652  13.965  0.066
n2.154  2454675.885782  1.179    13.548  13.965  0.066
n2.155  2454675.886593  1.176    13.713  13.967  0.066
n2.176  2454675.905127  1.138    13.605  14.000  0.066
n2.177  2454675.905938  1.137    13.542  13.998  0.066
n2.178  2454675.906749  1.136    13.871  13.998  0.066
n2.179  2454675.907560  1.134    13.931  13.999  0.066
n2.180  2454675.908373  1.133    13.603  14.000  0.066
n2.181  2454675.909184  1.132    13.580  14.000  0.066
n2.182  2454675.909995  1.131    13.538  14.003  0.066
n2.183  2454675.910808  1.130    13.507  14.005  0.066
n2.184  2454675.911620  1.129    13.527  14.003  0.066
n2.185  2454675.912431  1.128    13.512  14.003  0.066
n2.186  2454675.913243  1.127    13.513  14.007  0.066
n2.187  2454675.914054  1.126    13.531  14.005  0.066
n2.188  2454675.914865  1.125    13.527  14.009  0.066
n2.189  2454675.915676  1.124    13.526  14.008  0.066
n2.190  2454675.916487  1.124    13.531  14.010  0.066
n2.191  2454675.917299  1.123    13.551  14.011  0.066
n2.192  2454675.918110  1.122    13.546  14.011  0.066
n2.193  2454675.918921  1.121    13.550  14.011  0.066
n2.194  2454675.919732  1.121    13.556  14.015  0.066
n2.195  2454675.920543  1.120    13.597  14.014  0.066
n2.238  2454675.956223  1.120    13.582  14.038  0.066
n2.239  2454675.957034  1.121    13.556  14.032  0.066
n2.240  2454675.957845  1.122    13.551  14.036  0.066
n2.241  2454675.958656  1.123    13.550  14.033  0.066
n2.242  2454675.959467  1.123    13.539  14.029  0.066
n2.243  2454675.960279  1.124    13.543  14.035  0.066
n2.244  2454675.961090  1.125    13.532  14.029  0.066
n2.245  2454675.961901  1.126    13.543  14.032  0.066
n2.246  2454675.962713  1.127    13.539  14.030  0.066
n2.247  2454675.963523  1.128    13.536  14.029  0.066
n2.248  2454675.964334  1.129    13.546  14.028  0.066
n2.249  2454675.965145  1.130    13.545  14.027  0.066
n2.250  2454675.965956  1.131    13.537  14.026  0.066
n2.251  2454675.966767  1.132    13.573  14.024  0.066
n2.252  2454675.967579  1.133    13.655  14.024  0.066
n2.253  2454675.968390  1.134    13.539  14.023  0.066
n2.254  2454675.969202  1.135    13.542  14.021  0.066
n2.255  2454675.970013  1.137    13.531  14.019  0.066
n2.256  2454675.970824  1.138    13.553  14.020  0.066
n2.257  2454675.971635  1.139    13.537  14.020  0.066
n2.258  2454675.972446  1.140    13.529  14.019  0.066
n2.259  2454675.973258  1.142    13.522  14.017  0.066
n2.260  2454675.974069  1.143    13.515  14.016  0.066
n2.316  2454676.032106  1.352    13.337  13.854  0.066
n2.317  2454676.032917  1.357    13.349  13.851  0.066
n2.318  2454676.033727  1.362    13.350  13.849  0.066
n2.319  2454676.034539  1.367    13.335  13.850  0.066
n2.320  2454676.035349  1.372    13.341  13.845  0.066
n2.321  2454676.036161  1.377    13.357  13.846  0.066
n2.322  2454676.036971  1.383    13.344  13.838  0.066
n2.323  2454676.037782  1.388    13.326  13.841  0.066
n2.324  2454676.038594  1.393    13.329  13.841  0.066
n2.325  2454676.039405  1.399    13.329  13.838  0.066
n2.326  2454676.040216  1.404    13.319  13.833  0.066
n2.327  2454676.041027  1.410    13.346  13.831  0.066
n2.328  2454676.041839  1.416    13.368  13.826  0.066
n2.329  2454676.042650  1.422    13.332  13.827  0.066
n2.330  2454676.043462  1.428    13.341  13.825  0.066
n2.331  2454676.044273  1.434    13.322  13.827  0.066
n2.332  2454676.045084  1.440    13.312  13.823  0.066
n2.333  2454676.045896  1.446    13.324  13.822  0.066
n2.334  2454676.046707  1.452    13.327  13.815  0.066
n2.335  2454676.047518  1.459    13.300  13.818  0.066
n3.077  2454676.797014  1.760    13.338  13.186  0.096
n3.078  2454676.798592  1.738    13.367  13.190  0.096
n3.079  2454676.799172  1.731    13.383  13.190  0.096
n3.080  2454676.799752  1.723    13.392  13.187  0.096
n3.081  2454676.800333  1.716    13.400  13.191  0.096
n3.082  2454676.800914  1.708    13.429  13.189  0.096
n3.083  2454676.801496  1.701    13.426  13.192  0.096
n3.084  2454676.802078  1.693    13.436  13.186  0.096
n3.085  2454676.802658  1.686    13.445  13.186  0.096
n3.086  2454676.803240  1.679    13.493  13.204  0.096
n3.087  2454676.803822  1.672    13.485  13.188  0.096
n3.088  2454676.804405  1.665    13.493  13.194  0.096
n3.089  2454676.804987  1.658    13.515  13.189  0.096
n3.090  2454676.805572  1.651    13.303  13.192  0.096
n3.091  2454676.806153  1.644    13.318  13.195  0.096
n3.092  2454676.806734  1.638    13.317  13.192  0.096
n3.093  2454676.807314  1.631    13.337  13.194  0.096
n3.094  2454676.807895  1.625    13.352  13.195  0.096
n3.095  2454676.808475  1.619    13.367  13.194  0.096
n3.096  2454676.809059  1.612    13.376  13.197  0.096
n3.097  2454676.809641  1.606    13.389  13.198  0.096
n3.098  2454676.810478  1.597    13.403  13.198  0.096
n3.099  2454676.811059  1.591    13.413  13.199  0.096
n3.100  2454676.811639  1.585    13.425  13.198  0.096
n3.101  2454676.812220  1.579    13.443  13.196  0.096
n3.102  2454676.812801  1.573    13.456  13.202  0.096
n3.103  2454676.813383  1.567    13.464  13.196  0.096
n3.104  2454676.813966  1.561    13.476  13.193  0.096
n3.105  2454676.814548  1.556    13.506  13.195  0.096
n3.106  2454676.815131  1.550    13.296  13.199  0.096
n3.107  2454676.815713  1.544    13.317  13.198  0.096
n3.108  2454676.816296  1.538    13.319  13.201  0.096
n3.109  2454676.816876  1.533    13.331  13.204  0.096
n3.110  2454676.817457  1.528    13.353  13.208  0.096
n3.111  2454676.818040  1.522    13.370  13.205  0.096
n3.112  2454676.818622  1.517    13.374  13.210  0.096
n3.113  2454676.819203  1.512    13.389  13.209  0.096
n3.114  2454676.819786  1.507    13.394  13.203  0.096
n3.115  2454676.820368  1.502    13.412  13.206  0.096
n3.116  2454676.820947  1.497    13.445  13.210  0.096
n3.117  2454676.821532  1.491    13.452  13.215  0.096
n3.158  2454676.846644  1.320    13.315  13.250  0.096
n3.159  2454676.847229  1.316    13.334  13.254  0.096
n3.160  2454676.847810  1.313    13.349  13.261  0.096
n3.161  2454676.848391  1.310    13.378  13.265  0.096
n3.162  2454676.848972  1.307    13.393  13.270  0.096
n3.163  2454676.849555  1.304    13.402  13.266  0.096
n3.164  2454676.850134  1.301    13.413  13.273  0.096
n3.165  2454676.850719  1.299    13.439  13.272  0.096
n3.166  2454676.851300  1.296    13.440  13.268  0.096
n3.167  2454676.851882  1.293    13.362  13.268  0.096
n3.168  2454676.852464  1.290    13.319  13.271  0.096
n3.169  2454676.853045  1.287    13.331  13.272  0.096
n3.170  2454676.853627  1.284    13.353  13.274  0.096
n3.171  2454676.854205  1.279    13.361  13.277  0.096
n3.172  2454676.854806  1.279    13.403  13.278  0.096
n3.173  2454676.855387  1.276    13.393  13.272  0.096
n3.174  2454676.855966  1.273    13.423  13.283  0.096
n3.175  2454676.856548  1.271    13.423  13.275  0.096
n3.176  2454676.857129  1.268    13.454  13.282  0.096
n3.177  2454676.857709  1.266    13.321  13.282  0.096
n3.178  2454676.858302  1.263    13.346  13.284  0.096
n3.179  2454676.858882  1.261    13.349  13.285  0.096
n3.180  2454676.859462  1.258    13.367  13.287  0.096
n3.181  2454676.860043  1.256    13.379  13.282  0.096
n3.182  2454676.860623  1.253    13.397  13.289  0.096
n3.183  2454676.861206  1.251    13.408  13.290  0.096
n3.184  2454676.861791  1.248    13.457  13.289  0.096
n3.185  2454676.862377  1.246    13.326  13.286  0.096
n3.186  2454676.862959  1.244    13.325  13.286  0.096
n3.187  2454676.863542  1.241    13.344  13.293  0.096
n3.188  2454676.864124  1.239    13.357  13.295  0.096
n3.189  2454676.864707  1.237    13.367  13.296  0.096
n3.190  2454676.865294  1.235    13.389  13.294  0.096
n3.191  2454676.865876  1.233    13.407  13.299  0.096
n3.192  2454676.866461  1.230    13.432  13.300  0.096
n3.193  2454676.867045  1.228    13.311  13.299  0.096
n3.194  2454676.867629  1.226    13.329  13.300  0.096
n3.195  2454676.868212  1.224    13.348  13.303  0.096
n3.196  2454676.868795  1.222    13.373  13.305  0.096
n3.197  2454676.869375  1.220    13.378  13.304  0.096
n3.255  2454676.904537  1.135    13.336  13.364  0.096
n3.256  2454676.905118  1.134    13.334  13.366  0.096
n3.257  2454676.905698  1.133    13.334  13.366  0.096
n3.258  2454676.906283  1.133    13.330  13.369  0.096
n3.259  2454676.906865  1.132    13.338  13.368  0.096
n3.260  2454676.907445  1.131    13.339  13.370  0.096
n3.261  2454676.908025  1.130    13.334  13.368  0.096
n3.262  2454676.908608  1.130    13.343  13.373  0.096
n3.263  2454676.909189  1.129    13.341  13.376  0.096
n3.264  2454676.909773  1.128    13.340  13.374  0.096
n3.265  2454676.910354  1.127    13.332  13.370  0.096
n3.266  2454676.910935  1.127    13.322  13.371  0.096
n3.267  2454676.911516  1.126    13.321  13.370  0.096
n3.268  2454676.912096  1.126    13.324  13.370  0.096
n3.269  2454676.912677  1.125    13.338  13.376  0.096
n3.270  2454676.913258  1.124    13.327  13.373  0.096
n3.271  2454676.913839  1.124    13.338  13.372  0.096
n3.272  2454676.914420  1.123    13.329  13.374  0.096
n3.273  2454676.915000  1.123    13.325  13.376  0.096
n3.274  2454676.915580  1.122    13.329  13.377  0.096
n3.275  2454676.916161  1.122    13.316  13.373  0.096
n3.276  2454676.916741  1.121    13.327  13.376  0.096
n3.277  2454676.917323  1.121    13.327  13.372  0.096
n3.278  2454676.917904  1.120    13.334  13.375  0.096
n3.279  2454676.918485  1.120    13.346  13.375  0.096
n3.280  2454676.919067  1.119    13.363  13.373  0.096
n3.281  2454676.919648  1.119    13.343  13.377  0.096
n3.282  2454676.920229  1.119    13.328  13.378  0.096
n3.283  2454676.920812  1.118    13.340  13.374  0.096
