 1 1  2454645.52458 T 14.021 0.022
 1 1  2454645.53074 T 14.009 0.024
 1 1  2454645.53689 T 14.010 0.024
 1 1  2454645.54310 T 14.033 0.023
 1 1  2454645.54934 T 14.023 0.023
 1 1  2454645.55549 T 14.030 0.024
 1 1  2454645.56164 T 14.029 0.023
 1 1  2454645.56780 T 14.064 0.024
 1 1  2454645.57396 T 14.062 0.023
 1 1  2454645.58012 T 14.081 0.025
 1 1  2454645.58628 T 14.080 0.023
 1 1  2454645.59245 T 14.087 0.024
 1 1  2454645.59873 T 14.118 0.023
 1 1  2454645.60412 T 14.131 0.022
 2 2  2454646.51152 T 13.986 0.034
 2 2  2454646.51613 T 13.969 0.033
 2 2  2454646.52075 T 13.950 0.034
 2 2  2454646.52537 T 13.931 0.033
 3 3  2454649.49953 T 14.092 0.026
 3 3  2454649.50574 T 14.063 0.026
 3 3  2454649.51188 T 14.069 0.025
 3 3  2454649.51804 T 14.070 0.027
 3 3  2454649.52443 T 14.063 0.024
 3 3  2454649.53065 T 14.074 0.024
 3 3  2454649.53681 T 14.066 0.024
 3 3  2454649.54297 T 14.058 0.023
 3 3  2454649.54913 T 14.072 0.022
 3 3  2454649.55527 T 14.064 0.022
 3 3  2454649.56157 T 14.048 0.024
 3 3  2454649.56773 T 14.045 0.023
 3 3  2454649.57388 T 14.030 0.023
 3 3  2454649.58004 T 14.040 0.023
 3 3  2454649.58620 T 14.018 0.024
 3 3  2454649.59236 T 14.013 0.025
 3 3  2454649.59861 T 13.988 0.026
 3 3  2454649.60495 T 13.994 0.025
 4 4  2454651.46733 T 14.015 0.027
 4 4  2454651.47353 T 14.015 0.028
 4 4  2454651.47974 T 14.028 0.027
 4 4  2454651.48596 T 14.012 0.026
 4 4  2454651.49216 T 14.014 0.022
 4 4  2454651.49843 T 14.037 0.020
 4 4  2454651.50473 T 14.024 0.021
 4 4  2454651.51093 T 14.041 0.021
 4 4  2454651.51715 T 14.029 0.021
 4 4  2454651.52336 T 14.031 0.020
 4 4  2454651.52958 T 14.037 0.020
 4 4  2454651.53578 T 14.038 0.022
 4 4  2454651.54194 T 14.045 0.020
 4 4  2454651.54810 T 14.044 0.021
 4 4  2454651.55424 T 14.041 0.020
 4 4  2454651.56040 T 14.044 0.021
 4 4  2454651.56673 T 14.059 0.023
 4 4  2454651.57291 T 14.056 0.023
 4 4  2454651.57907 T 14.058 0.021
 4 4  2454651.58523 T 14.035 0.022
 4 4  2454651.59137 T 14.038 0.020
 4 4  2454651.59753 T 14.035 0.022
 4 4  2454651.60215 T 14.030 0.025
 5 5  2454652.43745 T 13.921 0.021
 5 5  2454652.44208 T 13.942 0.021
 5 5  2454652.44671 T 13.951 0.022
 5 5  2454652.45135 T 13.954 0.020
 5 5  2454652.45611 T 13.960 0.021
 5 5  2454652.46074 T 13.978 0.022
 5 5  2454652.46538 T 13.985 0.020
 5 5  2454652.47000 T 13.991 0.020
 5 5  2454652.47462 T 14.005 0.022
 5 5  2454652.47928 T 14.016 0.020
 5 5  2454652.54533 T 14.192 0.017
 5 5  2454652.55004 T 14.198 0.017
 5 5  2454652.55472 T 14.207 0.017
 5 5  2454652.55940 T 14.230 0.018
 5 5  2454652.56412 T 14.235 0.019
 5 5  2454652.56883 T 14.254 0.020
 5 5  2454652.57351 T 14.241 0.021
 5 5  2454652.57819 T 14.237 0.018
 5 5  2454652.58288 T 14.247 0.019
 5 5  2454652.58753 T 14.238 0.020
 5 5  2454652.59222 T 14.237 0.019
 5 5  2454652.59694 T 14.252 0.021
 5 5  2454652.60157 T 14.231 0.021
 5 5  2454652.60621 T 14.216 0.020
 6 6  2454654.42552 T 14.022 0.023
 6 6  2454654.43170 T 14.046 0.023
 6 6  2454654.43793 T 14.025 0.024
 6 6  2454654.44422 T 14.039 0.024
 6 6  2454654.45043 T 14.032 0.026
 6 6  2454654.45668 T 14.025 0.024
 6 6  2454654.46285 T 14.030 0.023
 6 6  2454654.46916 T 14.035 0.025
 6 6  2454654.47540 T 14.028 0.024
 6 6  2454654.48157 T 14.034 0.023
 6 6  2454654.48775 T 14.046 0.022
 6 6  2454654.49392 T 14.050 0.023
 6 6  2454654.50006 T 14.053 0.022
 6 6  2454654.50622 T 14.053 0.021
 6 6  2454654.51238 T 14.056 0.021
 6 6  2454654.51853 T 14.088 0.019
 6 6  2454654.52546 T 14.086 0.022
 6 6  2454654.53394 T 14.109 0.019
 6 6  2454654.54010 T 14.116 0.023
 6 6  2454654.54753 T 14.136 0.020
 6 6  2454654.56324 T 14.165 0.021
 6 6  2454654.56939 T 14.204 0.021
 6 6  2454654.57554 T 14.224 0.020
 6 6  2454654.58171 T 14.234 0.022
 6 6  2454654.58787 T 14.256 0.021
 6 6  2454654.59401 T 14.266 0.022
 6 6  2454654.60017 T 14.281 0.024
 7 7  2454655.43453 T 13.991 0.018
 7 7  2454655.43993 T 13.967 0.015
 7 7  2454655.44553 T 13.961 0.016
 7 7  2454655.45092 T 13.953 0.016
 7 7  2454655.45633 T 13.944 0.015
 7 7  2454655.46173 T 13.948 0.016
 7 7  2454655.46736 T 13.920 0.016
 7 7  2454655.47276 T 13.918 0.015
 7 7  2454655.47817 T 13.916 0.015
 7 7  2454655.48357 T 13.923 0.015
 7 7  2454655.48898 T 13.910 0.015
 7 7  2454655.49444 T 13.917 0.015
 7 7  2454655.50001 T 13.913 0.014
 7 7  2454655.50541 T 13.908 0.015
 7 7  2454655.51082 T 13.913 0.014
 7 7  2454655.51631 T 13.921 0.015
 7 7  2454655.52186 T 13.927 0.014
 7 7  2454655.52725 T 13.932 0.014
 7 7  2454655.53266 T 13.946 0.014
 7 7  2454655.53806 T 13.960 0.015
 7 7  2454655.54347 T 13.956 0.014
 7 7  2454655.54885 T 13.983 0.014
 7 7  2454655.55424 T 13.999 0.014
 7 7  2454655.55968 T 14.002 0.015
 7 7  2454655.56523 T 14.009 0.015
 7 7  2454655.57061 T 14.016 0.016
 7 7  2454655.57599 T 14.032 0.016
 7 7  2454655.58149 T 14.050 0.017
 7 7  2454655.58702 T 14.044 0.015
 7 7  2454655.59241 T 14.065 0.016
 7 7  2454655.59780 T 14.060 0.014
 7 7  2454655.60319 T 14.070 0.015
 8 8  2454657.44747 T 14.279 0.023
 8 8  2454657.45285 T 14.255 0.022
 8 8  2454657.45836 T 14.239 0.021
 8 8  2454657.46531 T 14.214 0.019
 8 8  2454657.47274 T 14.188 0.021
 8 8  2454657.47813 T 14.186 0.024
 8 8  2454657.48379 T 14.141 0.022
 8 8  2454657.48923 T 14.139 0.023
 8 8  2454657.49519 T 14.121 0.022
 8 8  2454657.50081 T 14.100 0.023
 8 8  2454657.50621 T 14.084 0.020
 8 8  2454657.51160 T 14.080 0.018
 8 8  2454657.51700 T 14.073 0.017
 8 8  2454657.52239 T 14.055 0.018
 8 8  2454657.52778 T 14.056 0.018
 8 8  2454657.53335 T 14.037 0.017
 8 8  2454657.53877 T 14.047 0.017
 8 8  2454657.54417 T 14.027 0.018
 8 8  2454657.54957 T 14.036 0.019
 8 8  2454657.55496 T 14.045 0.019
 8 8  2454657.56034 T 14.034 0.018
 9 9  2454659.41522 T 14.129 0.023
 9 9  2454659.42063 T 14.124 0.028
 9 9  2454659.42605 T 14.146 0.025
 9 9  2454659.43146 T 14.172 0.027
 9 9  2454659.45534 T 14.191 0.025
 9 9  2454659.46075 T 14.179 0.026
 9 9  2454659.46614 T 14.173 0.026
 9 9  2454659.47153 T 14.157 0.023
 9 9  2454659.47693 T 14.160 0.023
 9 9  2454659.48234 T 14.133 0.024
 9 9  2454659.48792 T 14.122 0.023
 9 9  2454659.49332 T 14.094 0.024
 9 9  2454659.49871 T 14.079 0.023
 9 9  2454659.50412 T 14.059 0.023
 9 9  2454659.50968 T 14.036 0.022
 9 9  2454659.51776 T 14.016 0.021
 9 9  2454659.52384 T 13.990 0.024
 9 9  2454659.52950 T 13.961 0.022
 9 9  2454659.53509 T 13.968 0.020
 9 9  2454659.54047 T 13.929 0.019
