0239.a2013TG6      1      1 2456575.63866   1.17    4.0 -0.11008    nan
0240.a2013TG6      1      1 2456575.63915   1.17    4.0 0.10792 0.07906
0241.a2013TG6      1      1 2456575.63981   1.17    4.0 -0.14758    nan
0242.a2013TG6      1      1 2456575.6403   1.17    4.0 0.07192 0.08834
0243.a2013TG6      1      1 2456575.64079   1.17    4.0 -0.00958 0.07896
0244.a2013TG6      1      1 2456575.64128   1.17    4.0 -0.09458 0.10377
0245.a2013TG6      1      1 2456575.64177   1.17    4.0 0.40192 0.05998
0246.a2013TG6      1      1 2456575.64227   1.17    4.0 -0.11608 0.0925
0247.a2013TG6      1      1 2456575.64276   1.17    4.0 -0.09308 0.09201
0248.a2013TG6      1      1 2456575.64325   1.18    4.0 0.07942    nan
0249.a2013TG6      1      1 2456575.64374   1.18    4.0 -0.09358 0.05599
0250.a2013TG6      1      1 2456575.64423   1.18    4.0 0.02942 0.06845
0251.a2013TG6      1      1 2456575.64472   1.18    4.0 0.02592    nan
0252.a2013TG6      1      1 2456575.64521   1.18    4.0 -0.06458 0.09074
0253.a2013TG6      1      1 2456575.6457   1.18    4.0 0.06542 0.09194
0254.a2013TG6      1      1 2456575.64619   1.18    4.0 -0.09958 0.03883
0255.a2013TG6      1      1 2456575.64668   1.18    4.0 0.00392 0.09844
0256.a2013TG6      1      1 2456575.64718   1.18    4.0 0.03642 0.09738
0257.a2013TG6      1      1 2456575.64767   1.18    4.0 -0.04108 0.09387
0258.a2013TG6      1      1 2456575.64816   1.19    4.0 0.08442 0.07032
0259.a2013TG6      1      1 2456575.64865   1.19    4.0 -0.02458    nan
0260.a2013TG6      1      1 2456575.64914   1.19    4.0 -0.09108 0.06411
0261.a2013TG6      1      1 2456575.64968   1.19    4.0 0.06292    nan
0262.a2013TG6      1      1 2456575.65017   1.19    4.0 -0.07858    nan
0263.a2013TG6      1      1 2456575.65067   1.19    4.0 -0.01008 0.09007
0264.a2013TG6      1      1 2456575.65116   1.19    4.0 0.02842 0.06326
0265.a2013TG6      1      1 2456575.65165   1.19    4.0 -0.05458    nan
0266.a2013TG6      1      1 2456575.65214   1.19    4.0 0.07992 0.07723
0267.a2013TG6      1      1 2456575.65263    1.2    4.0 -0.04308 0.07855
0268.a2013TG6      1      1 2456575.65312    1.2    4.0 -0.08108    nan
0269.a2013TG6      1      1 2456575.65361    1.2    4.0 0.09742 0.07585
0270.a2013TG6      1      1 2456575.6541    1.2    4.0 -0.06958    nan
0271.a2013TG6      1      1 2456575.65459    1.2    4.0 -0.01908 0.07394
0272.a2013TG6      1      1 2456575.65508    1.2    4.0 0.05692 0.07543
0273.a2013TG6      1      1 2456575.65558    1.2    4.0 -0.10008 0.07347
0274.a2013TG6      1      1 2456575.65607    1.2    4.0 0.10042    nan
0275.a2013TG6      1      1 2456575.65656   1.21    4.0 -0.00658 0.09277
0276.a2013TG6      1      1 2456575.65705   1.21    4.0 -0.07408 0.09761
0277.a2013TG6      1      1 2456575.65754   1.21    4.0 0.11642 0.09813
0278.a2013TG6      1      1 2456575.65803   1.21    4.0 -0.04558 0.09074
0279.a2013TG6      1      1 2456575.65852   1.21    4.0 -0.07758 0.09285
0280.a2013TG6      1      1 2456575.65901   1.21    4.0 0.08992 0.09751
0281.a2013TG6      1      1 2456575.65953   1.21    4.0 -0.05308 0.09214
0282.a2013TG6      1      1 2456575.66002   1.21    4.0 0.14742    nan
0283.a2013TG6      1      1 2456575.66051   1.22    4.0 0.03342 0.0403
0284.a2013TG6      1      1 2456575.661   1.22    4.0 -0.07758 0.09225
0285.a2013TG6      1      1 2456575.66149   1.22    4.0 0.08292 0.09009
0286.a2013TG6      1      1 2456575.66199   1.22    4.0 -0.05108 0.07355
0287.a2013TG6      1      1 2456575.66248   1.22    4.0 0.05292    nan
0288.a2013TG6      1      1 2456575.66297   1.22    4.0 0.09142 0.0611
0289.a2013TG6      1      1 2456575.66346   1.22    4.0 -0.08908 0.08251
0290.a2013TG6      1      1 2456575.66395   1.23    4.0 0.10992 0.07543
0291.a2013TG6      1      1 2456575.66444   1.23    4.0 0.02742 0.07572
0292.a2013TG6      1      1 2456575.66493   1.23    4.0 -0.08108    nan
0293.a2013TG6      1      1 2456575.66542   1.23    4.0 0.13342 0.0671
0294.a2013TG6      1      1 2456575.66591   1.23    4.0 -0.07758 0.09754
0295.a2013TG6      1      1 2456575.6664   1.23    4.0 -0.03758 0.07463
0296.a2013TG6      1      1 2456575.6669   1.24    4.0 0.06742 0.08519
0297.a2013TG6      1      1 2456575.66739   1.24    4.0 -0.11758 0.09233
0298.a2013TG6      1      1 2456575.66788   1.24    4.0 0.03742 0.09266
0299.a2013TG6      1      1 2456575.66837   1.24    4.0 -0.01158    nan
0300.a2013TG6      1      1 2456575.66886   1.24    4.0 -0.08108    nan
