0301.a2013TG6      1      1 2456575.67091   1.25    4.0  0.025 0.0523
0302.a2013TG6      1      1 2456575.6714   1.25    4.0 -0.06823 0.04844
0303.a2013TG6      1      1 2456575.67231   1.25    4.0 -0.00226 0.05481
0304.a2013TG6      1      1 2456575.6728   1.26    4.0 -0.10863 0.03811
0305.a2013TG6      1      1 2456575.67329   1.26    4.0 0.01527 0.07968
0306.a2013TG6      1      1 2456575.67378   1.26    4.0 -0.0831 0.15517
0307.a2013TG6      1      1 2456575.67427   1.26    4.0 -0.09437 0.38238
0308.a2013TG6      1      1 2456575.67476   1.26    4.0 0.05643 0.05546
0309.a2013TG6      1      1 2456575.67525   1.27    4.0 -0.09141 0.05257
0310.a2013TG6      1      1 2456575.67574   1.27    4.0 0.03504 0.05959
0311.a2013TG6      1      1 2456575.67623   1.27    4.0 0.05326 0.05699
0312.a2013TG6      1      1 2456575.67672   1.27    4.0 -0.0261 0.05828
0313.a2013TG6      1      1 2456575.67721   1.27    4.0 0.11753 0.05192
0314.a2013TG6      1      1 2456575.67771   1.27    4.0 -0.11473 0.05506
0315.a2013TG6      1      1 2456575.6782   1.28    4.0 -0.02507 0.05794
0316.a2013TG6      1      1 2456575.67869   1.28    4.0 0.03437 0.06299
0317.a2013TG6      1      1 2456575.67918   1.28    4.0 -0.08852 0.05609
0318.a2013TG6      1      1 2456575.67967   1.28    4.0 0.01565 0.05499
0319.a2013TG6      1      1 2456575.68016   1.28    4.0 0.08074 0.10536
0320.a2013TG6      1      1 2456575.68065   1.29    4.0 -0.0838 0.04646
0321.a2013TG6      1      1 2456575.68114   1.29    4.0 0.09104 0.07925
0322.a2013TG6      1      1 2456575.68164   1.29    4.0 -0.035 0.04986
0323.a2013TG6      1      1 2456575.68317    1.3    4.0 -0.06007 0.05913
0324.a2013TG6      1      1 2456575.68366    1.3    4.0 0.02676 0.05966
0325.a2013TG6      1      1 2456575.68415    1.3    4.0 0.0537 0.05786
0326.a2013TG6      1      1 2456575.68464    1.3    4.0 -0.09824 0.05523
0327.a2013TG6      1      1 2456575.68514   1.31    4.0 0.07048 0.05731
0328.a2013TG6      1      1 2456575.68563   1.31    4.0 -0.01785 0.04698
0329.a2013TG6      1      1 2456575.68612   1.31    4.0 0.02332 0.04986
0330.a2013TG6      1      1 2456575.68661   1.31    4.0 0.04159 0.0549
0331.a2013TG6      1      1 2456575.6871   1.32    4.0 -0.13502 0.05094
0332.a2013TG6      1      1 2456575.68759   1.32    4.0 0.04643 0.06828
0333.a2013TG6      1      1 2456575.68809   1.32    4.0 -0.02257 0.05223
0334.a2013TG6      1      1 2456575.68858   1.32    4.0 -0.02642 0.11441
0335.a2013TG6      1      1 2456575.68907   1.33    4.0 0.06563 0.05409
0336.a2013TG6      1      1 2456575.68956   1.33    4.0 -0.03224 0.06014
0337.a2013TG6      1      1 2456575.69005   1.33    4.0 0.09015 0.05956
0338.a2013TG6      1      1 2456575.69054   1.33    4.0 0.11561 0.06488
0339.a2013TG6      1      1 2456575.69103   1.33    4.0 -0.0923 0.05759
0340.a2013TG6      1      1 2456575.69152   1.34    4.0 -0.00918 0.0532
0341.a2013TG6      1      1 2456575.69201   1.34    4.0 0.0117 0.05437
0342.a2013TG6      1      1 2456575.6925   1.34    4.0 -0.05763 0.05381
0343.a2013TG6      1      1 2456575.69311   1.35    4.0 0.08398 0.07165
0344.a2013TG6      1      1 2456575.6936   1.35    4.0 -0.03758 0.04736
0345.a2013TG6      1      1 2456575.69409   1.35    4.0 0.0897 0.05426
0346.a2013TG6      1      1 2456575.69458   1.35    4.0 0.04715 0.06319
0347.a2013TG6      1      1 2456575.69507   1.36    4.0 -0.06724 0.05599
0348.a2013TG6      1      1 2456575.69556   1.36    4.0 0.09293 0.05848
0349.a2013TG6      1      1 2456575.69606   1.36    4.0 0.02937 0.06109
0350.a2013TG6      1      1 2456575.69655   1.36    4.0 -0.08118 0.05019
0351.a2013TG6      1      1 2456575.69704   1.37    4.0 0.11148 0.05792
0352.a2013TG6      1      1 2456575.69753   1.37    4.0 -0.02818 0.04973
0353.a2013TG6      1      1 2456575.69802   1.37    4.0 0.07198 0.05366
0354.a2013TG6      1      1 2456575.69851   1.38    4.0 0.03776 0.05609
0355.a2013TG6      1      1 2456575.699   1.38    4.0 -0.05935 0.05615
0356.a2013TG6      1      1 2456575.69949   1.38    4.0 0.08243 0.05718
0357.a2013TG6      1      1 2456575.69998   1.38    4.0 -0.00307 0.06433
0358.a2013TG6      1      1 2456575.70047   1.39    4.0 -0.0363 0.06193
0359.a2013TG6      1      1 2456575.70096   1.39    4.0 0.1227 0.05707
0360.a2013TG6      1      1 2456575.70146   1.39    4.0 -0.03318 0.06756
0361.a2013TG6      1      1 2456575.70195    1.4    4.0 0.05443 0.06273
0362.a2013TG6      1      1 2456575.70244    1.4    4.0 -0.00113 0.0564
0363.a2013TG6      1      1 2456575.70298    1.4    4.0 -0.07135 0.06218
0364.a2013TG6      1      1 2456575.70347   1.41    4.0 0.03765 0.05573
0365.a2013TG6      1      1 2456575.70396   1.41    4.0 -0.09341 0.05671
0366.a2013TG6      1      1 2456575.70445   1.41    4.0 -0.06357 0.0602
0367.a2013TG6      1      1 2456575.70495   1.41    4.0 0.01704 0.07033
