0239.a2013TG6      1      1 2456575.63866   1.17    4.0 -0.11671 0.11788
0240.a2013TG6      1      1 2456575.63915   1.17    4.0 0.12601 0.12284
0241.a2013TG6      1      1 2456575.63981   1.17    4.0 -0.14449 0.11338
0242.a2013TG6      1      1 2456575.6403   1.17    4.0 0.07501 0.12215
0243.a2013TG6      1      1 2456575.64079   1.17    4.0 -0.02709 0.15419
0244.a2013TG6      1      1 2456575.64128   1.17    4.0 -0.10471 0.11987
0245.a2013TG6      1      1 2456575.64177   1.17    4.0 0.38477 0.12174
0246.a2013TG6      1      1 2456575.64227   1.17    4.0 -0.11988 0.10445
0247.a2013TG6      1      1 2456575.64276   1.17    4.0 -0.09839 0.10585
0248.a2013TG6      1      1 2456575.64325   1.18    4.0 0.07496 0.09063
0249.a2013TG6      1      1 2456575.64374   1.18    4.0 -0.09779 0.10459
0250.a2013TG6      1      1 2456575.64423   1.18    4.0 0.02513 0.11286
0251.a2013TG6      1      1 2456575.64472   1.18    4.0 0.02685 0.10927
0252.a2013TG6      1      1 2456575.64521   1.18    4.0 -0.09175 0.11696
0253.a2013TG6      1      1 2456575.6457   1.18    4.0 0.06833 0.09831
0254.a2013TG6      1      1 2456575.64619   1.18    4.0 -0.09363 0.0953
0255.a2013TG6      1      1 2456575.64668   1.18    4.0 0.02537 0.12992
0256.a2013TG6      1      1 2456575.64718   1.18    4.0 0.04441 0.11961
0257.a2013TG6      1      1 2456575.64767   1.18    4.0 -0.06395 0.11726
0258.a2013TG6      1      1 2456575.64816   1.19    4.0 0.07697 0.09799
0259.a2013TG6      1      1 2456575.64865   1.19    4.0 -0.03259 0.10142
0260.a2013TG6      1      1 2456575.64914   1.19    4.0 -0.09283 0.10376
0261.a2013TG6      1      1 2456575.64968   1.19    4.0 0.07117 0.12219
0262.a2013TG6      1      1 2456575.65017   1.19    4.0 -0.06511 0.10324
0263.a2013TG6      1      1 2456575.65067   1.19    4.0 -0.01943 0.13161
0264.a2013TG6      1      1 2456575.65116   1.19    4.0 0.02977 0.10203
0265.a2013TG6      1      1 2456575.65165   1.19    4.0 -0.05047 0.10326
0266.a2013TG6      1      1 2456575.65214   1.19    4.0 0.08061 0.11898
0267.a2013TG6      1      1 2456575.65263    1.2    4.0 -0.03299 0.1241
0268.a2013TG6      1      1 2456575.65312    1.2    4.0 -0.07371 0.04728
0269.a2013TG6      1      1 2456575.65361    1.2    4.0 0.08525 0.11645
0270.a2013TG6      1      1 2456575.6541    1.2    4.0 -0.07646 0.08445
0271.a2013TG6      1      1 2456575.65459    1.2    4.0 -0.01503 0.13516
0272.a2013TG6      1      1 2456575.65508    1.2    4.0 0.05437 0.11066
0273.a2013TG6      1      1 2456575.65558    1.2    4.0 -0.08815 0.10255
0274.a2013TG6      1      1 2456575.65607    1.2    4.0 0.10177 0.10899
0275.a2013TG6      1      1 2456575.65656   1.21    4.0 0.00301 0.12803
0276.a2013TG6      1      1 2456575.65705   1.21    4.0 -0.07999 0.11847
0277.a2013TG6      1      1 2456575.65754   1.21    4.0 0.11865 0.12474
0278.a2013TG6      1      1 2456575.65803   1.21    4.0 -0.04119 0.11801
0279.a2013TG6      1      1 2456575.65852   1.21    4.0 -0.06955 0.12915
0280.a2013TG6      1      1 2456575.65901   1.21    4.0 0.08325 0.14538
0281.a2013TG6      1      1 2456575.65953   1.21    4.0 -0.05679 0.11984
0282.a2013TG6      1      1 2456575.66002   1.21    4.0 0.13149 0.13356
0283.a2013TG6      1      1 2456575.66051   1.22    4.0 0.03337 0.0985
0284.a2013TG6      1      1 2456575.661   1.22    4.0 -0.07792 0.11442
0285.a2013TG6      1      1 2456575.66149   1.22    4.0 0.07157 0.12936
0286.a2013TG6      1      1 2456575.66199   1.22    4.0 -0.05335 0.13402
0287.a2013TG6      1      1 2456575.66248   1.22    4.0 0.04453 0.11322
0288.a2013TG6      1      1 2456575.66297   1.22    4.0 0.14601 0.17537
0289.a2013TG6      1      1 2456575.66346   1.22    4.0 -0.09499 0.12522
0290.a2013TG6      1      1 2456575.66395   1.23    4.0 0.10277 0.12631
0291.a2013TG6      1      1 2456575.66444   1.23    4.0 0.01433 0.12117
0292.a2013TG6      1      1 2456575.66493   1.23    4.0 -0.09055 0.10446
0293.a2013TG6      1      1 2456575.66542   1.23    4.0 0.14869 0.1241
0294.a2013TG6      1      1 2456575.66591   1.23    4.0 -0.05435 0.13026
0295.a2013TG6      1      1 2456575.6664   1.23    4.0 -0.03883 0.14345
0296.a2013TG6      1      1 2456575.6669   1.24    4.0 0.07785 0.13375
0297.a2013TG6      1      1 2456575.66739   1.24    4.0 -0.12071 0.12109
0298.a2013TG6      1      1 2456575.66788   1.24    4.0 0.04113 0.13552
0299.a2013TG6      1      1 2456575.66837   1.24    4.0 -0.01495 0.11597
0300.a2013TG6      1      1 2456575.66886   1.24    4.0 -0.06907 0.1397
