0301.a2013TG6      1      1 2456575.67091   1.25    4.0 0.02512 0.05321
0302.a2013TG6      1      1 2456575.6714   1.25    4.0 -0.06488 0.09815
0303.a2013TG6      1      1 2456575.67231   1.25    4.0 -0.00288 0.0797
0304.a2013TG6      1      1 2456575.6728   1.26    4.0 -0.12088    nan
0305.a2013TG6      1      1 2456575.67329   1.26    4.0 0.02612 0.08038
0306.a2013TG6      1      1 2456575.67378   1.26    4.0 -0.05088 0.09651
0307.a2013TG6      1      1 2456575.67427   1.26    4.0 -0.01088 0.10307
0308.a2013TG6      1      1 2456575.67476   1.26    4.0 0.05612 0.08906
0309.a2013TG6      1      1 2456575.67525   1.27    4.0 -0.09888 0.09889
0310.a2013TG6      1      1 2456575.67574   1.27    4.0 0.04212 0.1054
0311.a2013TG6      1      1 2456575.67623   1.27    4.0 0.05212 0.06647
0312.a2013TG6      1      1 2456575.67672   1.27    4.0 -0.02888 0.08498
0313.a2013TG6      1      1 2456575.67721   1.27    4.0 0.10912 0.08877
0314.a2013TG6      1      1 2456575.67771   1.27    4.0 -0.12188 0.08141
0315.a2013TG6      1      1 2456575.6782   1.28    4.0 -0.02688 0.09544
0316.a2013TG6      1      1 2456575.67869   1.28    4.0 0.03212 0.0747
0317.a2013TG6      1      1 2456575.67918   1.28    4.0 -0.08988 0.07711
0318.a2013TG6      1      1 2456575.67967   1.28    4.0 0.01212 0.09174
0319.a2013TG6      1      1 2456575.68016   1.28    4.0 0.05012 0.10128
0320.a2013TG6      1      1 2456575.68065   1.29    4.0 -0.08988 0.08806
0321.a2013TG6      1      1 2456575.68114   1.29    4.0 0.08212 0.09658
0322.a2013TG6      1      1 2456575.68164   1.29    4.0 -0.04188 0.08924
0323.a2013TG6      1      1 2456575.68317    1.3    4.0 -0.06288 0.0922
0324.a2013TG6      1      1 2456575.68366    1.3    4.0 0.01412 0.08116
0325.a2013TG6      1      1 2456575.68415    1.3    4.0 0.04612 0.10697
0326.a2013TG6      1      1 2456575.68464    1.3    4.0 -0.09188 0.07566
0327.a2013TG6      1      1 2456575.68514   1.31    4.0 0.08212 0.1045
0328.a2013TG6      1      1 2456575.68563   1.31    4.0 -0.02088 0.07897
0329.a2013TG6      1      1 2456575.68612   1.31    4.0 0.01312 0.08849
0330.a2013TG6      1      1 2456575.68661   1.31    4.0 0.04012 0.08547
0331.a2013TG6      1      1 2456575.6871   1.32    4.0 -0.12488 0.09189
0332.a2013TG6      1      1 2456575.68759   1.32    4.0 0.04412 0.10285
0333.a2013TG6      1      1 2456575.68809   1.32    4.0 -0.01788 0.07075
0334.a2013TG6      1      1 2456575.68858   1.32    4.0 -0.05188 0.09521
0335.a2013TG6      1      1 2456575.68907   1.33    4.0 0.06012 0.10021
0336.a2013TG6      1      1 2456575.68956   1.33    4.0 -0.02588 0.06992
0337.a2013TG6      1      1 2456575.69005   1.33    4.0 0.09812 0.08202
0338.a2013TG6      1      1 2456575.69054   1.33    4.0 0.10512 0.0708
0339.a2013TG6      1      1 2456575.69103   1.33    4.0 -0.09088 0.10433
0340.a2013TG6      1      1 2456575.69152   1.34    4.0 -0.00888 0.09084
0341.a2013TG6      1      1 2456575.69201   1.34    4.0 0.01612    nan
0342.a2013TG6      1      1 2456575.6925   1.34    4.0 -0.06288 0.09656
0343.a2013TG6      1      1 2456575.69311   1.35    4.0 0.08112 0.07783
0344.a2013TG6      1      1 2456575.6936   1.35    4.0 -0.04788 0.08952
0345.a2013TG6      1      1 2456575.69409   1.35    4.0 0.09412 0.08447
0346.a2013TG6      1      1 2456575.69458   1.35    4.0 0.05212    nan
0347.a2013TG6      1      1 2456575.69507   1.36    4.0 -0.06388    nan
0348.a2013TG6      1      1 2456575.69556   1.36    4.0 0.09612    nan
0349.a2013TG6      1      1 2456575.69606   1.36    4.0 0.02412 0.07991
0350.a2013TG6      1      1 2456575.69655   1.36    4.0 -0.07888 0.07572
0351.a2013TG6      1      1 2456575.69704   1.37    4.0 0.11612 0.08748
0352.a2013TG6      1      1 2456575.69753   1.37    4.0 -0.02688 0.07365
0353.a2013TG6      1      1 2456575.69802   1.37    4.0 0.07312    nan
0354.a2013TG6      1      1 2456575.69851   1.38    4.0 0.04012 0.09326
0355.a2013TG6      1      1 2456575.699   1.38    4.0 -0.07188    nan
0356.a2013TG6      1      1 2456575.69949   1.38    4.0 0.09112 0.07517
0357.a2013TG6      1      1 2456575.69998   1.38    4.0 -0.00788 0.10036
0358.a2013TG6      1      1 2456575.70047   1.39    4.0 -0.03688    nan
0359.a2013TG6      1      1 2456575.70096   1.39    4.0 0.12312 0.08847
0360.a2013TG6      1      1 2456575.70146   1.39    4.0 -0.03588 0.08833
0361.a2013TG6      1      1 2456575.70195    1.4    4.0 0.05112 0.07128
0362.a2013TG6      1      1 2456575.70244    1.4    4.0 0.00212 0.09688
0363.a2013TG6      1      1 2456575.70298    1.4    4.0 -0.06988 0.07885
0364.a2013TG6      1      1 2456575.70347   1.41    4.0 0.04312 0.07935
0365.a2013TG6      1      1 2456575.70396   1.41    4.0 -0.09388 0.06181
0366.a2013TG6      1      1 2456575.70445   1.41    4.0 -0.06988 0.07436
0367.a2013TG6      1      1 2456575.70495   1.41    4.0 0.01712 0.08599
