2454861.9741 -0.128696078 0.005
2454861.9767 -0.166696078 0.005
2454861.9782 -0.128696078 0.004
2454861.9798 -0.128696078 0.004
2454861.9813 -0.132696078 0.004
2454861.9828 -0.096696078 0.005
2454861.9843 -0.062696078 0.005
2454861.9858 -0.056696078 0.005
2454861.9873 0.0713039215 0.005
2454861.9888 0.0643039215 0.004
2454861.9912 0.0963039215 0.005
2454861.9927 0.1013039215 0.006
2454861.9942 0.1553039215 0.006
2454861.9957 0.1673039215 0.006
2454861.9973 0.1213039215 0.006
2454861.9988 0.1903039215 0.006
2454862.0003 0.1213039215 0.006
2454862.0018 0.2103039215 0.005
2454862.0033 0.2563039215 0.005
2454862.0048 0.2093039215 0.007
2454862.0068 0.2443039215 0.006
2454862.0083 0.1743039215 0.007
2454862.0098 0.1793039215 0.006
2454862.0113 0.2443039215 0.007
2454862.0128 0.1673039215 0.006
2454862.0143 0.1443039215 0.006
2454862.0158 0.1193039215 0.006
2454862.0173 0.0963039215 0.006
2454862.0188 0.1013039215 0.005
2454862.0203 0.0963039215 0.006
2454862.0233 0.0183039215 0.005
2454862.0248 0.0273039215 0.004
2454862.0263 -0.031696078 0.004
2454862.0278 -0.060696078 0.004
2454862.0293 -0.023696078 0.004
2454862.0308 -0.020696078 0.004
2454862.0323 -0.095696078 0.004
2454862.0338 -0.100696078 0.005
2454862.0353 -0.100696078 0.004
2454862.0368 -0.087696078 0.005
2454862.0384 -0.120696078 0.005
2454862.0399 -0.123696078 0.005
2454862.0414 -0.105696078 0.005
2454862.0429 -0.102696078 0.004
2454862.0444 -0.188696078 0.004
2454862.046 -0.196696078 0.004
2454862.0475 -0.199696078 0.004
2454862.049 -0.178696078 0.004
2454862.0505 -0.229696078 0.004
2454862.052 -0.130696078 0.005
2454862.059 -0.123696078 0.005
2454862.0612 -0.099696078 0.005
2454862.0627 -0.143696078 0.005
2454862.0642 -0.080696078 0.005
2454862.0657 -0.086696078 0.005
2454862.0672 -0.036696078 0.005
2454862.0687 -0.052696078 0.005
2454862.0702 -0.061696078 0.006
2454862.0717 0.0033039215 0.006
2454862.0732 0.0293039215 0.006
2454862.0748 0.0453039215 0.006
2454862.0763 0.0743039215 0.006
2454862.0778 0.1213039215 0.006
2454862.0793 0.0773039215 0.006
2454862.0808 0.1533039215 0.006
2454862.0823 0.1503039215 0.007
2454862.0838 0.1543039215 0.005
2454862.0853 0.1703039215 0.006
2454862.0868 0.1573039215 0.005
2454862.0883 0.1663039215 0.006
2454862.0903 0.2073039215 0.006
2454862.0918 0.1023039215 0.006
2454862.0933 0.1033039215 0.006
2454862.0948 0.0643039215 0.006
2454862.0963 0.0833039215 0.006
2454862.0978 0.0383039215 0.005
2454862.0993 0.0233039215 0.006
2454862.1008 -0.001696078 0.005
2454862.1023 0.0103039215 0.005
2454862.1039 -0.030696078 0.005
2454862.1054 -0.030696078 0.005
2454862.1069 -0.050696078 0.004
2454862.1084 -0.068696078 0.005
2454862.1099 -0.186696078 0.005
2454862.1114 -0.134696078 0.004
2454862.1129 -0.127696078 0.005
2454862.1144 -0.123696078 0.005
2454862.1159 -0.167696078 0.005
2454862.1174 -0.145696078 0.004
2454862.1189 -0.184696078 0.005
2454862.1348 -0.136696078 0.005
2454862.1363 -0.160696078 0.005
2454862.1378 -0.109696078 0.005
2454862.1393 -0.091696078 0.005
2454862.1408 -0.052696078 0.005
2454862.1423 -0.079696078 0.004
2454862.1438 -0.004696078 0.005
2454862.1453 -0.030696078 0.006
2454862.1483 0.0493039215 0.006
2454862.1499 0.0623039215 0.006
2454862.1514 0.1113039215 0.006
2454862.1529 0.0703039215 0.006
