an2.179.tr 1 R 2454861.97414 1.439 20.0 -0.128696078431 0.005
an2.180.tr 1 R 2454861.97679 1.42 20.0 -0.166696078431 0.005
an2.181.tr 1 R 2454861.97829 1.41 20.0 -0.128696078431 0.004
an2.182.tr 1 R 2454861.9798 1.4 20.0 -0.128696078431 0.004
an2.183.tr 1 R 2454861.98131 1.39 20.0 -0.132696078431 0.004
an2.184.tr 1 R 2454861.98282 1.381 20.0 -0.0966960784314 0.005
an2.185.tr 1 R 2454861.98433 1.372 20.0 -0.0626960784314 0.005
an2.186.tr 1 R 2454861.98583 1.363 20.0 -0.0566960784314 0.005
an2.187.tr 1 R 2454861.98734 1.355 20.0 0.0713039215686 0.005
an2.188.tr 1 R 2454861.98885 1.346 20.0 0.0643039215686 0.004
an2.189.tr 1 R 2454861.99127 1.333 20.0 0.0963039215686 0.005
an2.190.tr 1 R 2454861.99278 1.325 20.0 0.101303921569 0.006
an2.191.tr 1 R 2454861.99429 1.318 20.0 0.155303921569 0.006
an2.192.tr 1 R 2454861.99579 1.311 20.0 0.167303921569 0.006
an2.193.tr 1 R 2454861.9973 1.303 20.0 0.121303921569 0.006
an2.194.tr 1 R 2454861.99881 1.297 20.0 0.190303921569 0.006
an2.195.tr 1 R 2454862.00031 1.29 20.0 0.121303921569 0.006
an2.196.tr 1 R 2454862.00182 1.283 20.0 0.210303921569 0.005
an2.197.tr 1 R 2454862.00333 1.277 20.0 0.256303921569 0.005
an2.198.tr 1 R 2454862.00484 1.271 20.0 0.209303921569 0.007
an2.199.tr 1 R 2454862.0068 1.263 20.0 0.244303921569 0.006
an2.200.tr 1 R 2454862.00831 1.257 20.0 0.174303921569 0.007
an2.201.tr 1 R 2454862.00981 1.251 20.0 0.179303921569 0.006
an2.202.tr 1 R 2454862.01132 1.246 20.0 0.244303921569 0.007
an2.203.tr 1 R 2454862.01283 1.241 20.0 0.167303921569 0.006
an2.204.tr 1 R 2454862.01434 1.236 20.0 0.144303921569 0.006
an2.205.tr 1 R 2454862.01585 1.231 20.0 0.119303921569 0.006
an2.206.tr 1 R 2454862.01735 1.226 20.0 0.0963039215686 0.006
an2.207.tr 1 R 2454862.01886 1.221 20.0 0.101303921569 0.005
an2.208.tr 1 R 2454862.02037 1.217 20.0 0.0963039215686 0.006
an2.209.tr 1 R 2454862.02332 1.208 20.0 0.0183039215686 0.005
an2.210.tr 1 R 2454862.02483 1.204 20.0 0.0273039215686 0.004
an2.211.tr 1 R 2454862.02634 1.2 20.0 -0.0316960784314 0.004
an2.212.tr 1 R 2454862.02784 1.197 20.0 -0.0606960784314 0.004
an2.213.tr 1 R 2454862.02935 1.193 20.0 -0.0236960784314 0.004
an2.214.tr 1 R 2454862.03086 1.19 20.0 -0.0206960784314 0.004
an2.215.tr 1 R 2454862.03236 1.186 20.0 -0.0956960784314 0.004
an2.216.tr 1 R 2454862.03387 1.183 20.0 -0.100696078431 0.005
an2.217.tr 1 R 2454862.03538 1.18 20.0 -0.100696078431 0.004
an2.218.tr 1 R 2454862.03689 1.177 20.0 -0.0876960784314 0.005
an2.219.tr 1 R 2454862.03846 1.174 20.0 -0.120696078431 0.005
an2.220.tr 1 R 2454862.03997 1.171 20.0 -0.123696078431 0.005
an2.221.tr 1 R 2454862.04147 1.169 20.0 -0.105696078431 0.005
an2.222.tr 1 R 2454862.04298 1.166 20.0 -0.102696078431 0.004
an2.223.tr 1 R 2454862.04449 1.164 20.0 -0.188696078431 0.004
an2.224.tr 1 R 2454862.046 1.162 20.0 -0.196696078431 0.004
an2.225.tr 1 R 2454862.04751 1.159 20.0 -0.199696078431 0.004
an2.226.tr 1 R 2454862.04902 1.157 20.0 -0.178696078431 0.004
an2.227.tr 1 R 2454862.05053 1.156 20.0 -0.229696078431 0.004
an2.228.tr 1 R 2454862.05203 1.154 20.0 -0.130696078431 0.005
an2.230.tr 1 R 2454862.05901 1.147 20.0 -0.123696078431 0.005
an2.231.tr 1 R 2454862.06123 1.146 20.0 -0.0996960784314 0.005
an2.232.tr 1 R 2454862.06274 1.145 20.0 -0.143696078431 0.005
an2.233.tr 1 R 2454862.06425 1.144 20.0 -0.0806960784314 0.005
an2.234.tr 1 R 2454862.06575 1.143 20.0 -0.0866960784314 0.005
an2.235.tr 1 R 2454862.06726 1.142 20.0 -0.0366960784314 0.005
an2.236.tr 1 R 2454862.06877 1.142 20.0 -0.0526960784314 0.005
an2.237.tr 1 R 2454862.07028 1.141 20.0 -0.0616960784314 0.006
an2.238.tr 1 R 2454862.07179 1.141 20.0 0.00330392156862 0.006
an2.239.tr 1 R 2454862.07329 1.141 20.0 0.0293039215686 0.006
an2.240.tr 1 R 2454862.0748 1.141 20.0 0.0453039215686 0.006
an2.241.tr 1 R 2454862.07631 1.141 20.0 0.0743039215686 0.006
an2.242.tr 1 R 2454862.07782 1.141 20.0 0.121303921569 0.006
an2.243.tr 1 R 2454862.07933 1.141 20.0 0.0773039215686 0.006
an2.244.tr 1 R 2454862.08084 1.142 20.0 0.153303921569 0.006
an2.245.tr 1 R 2454862.08235 1.142 20.0 0.150303921569 0.007
an2.246.tr 1 R 2454862.08386 1.143 20.0 0.154303921569 0.005
an2.247.tr 1 R 2454862.08536 1.143 20.0 0.170303921569 0.006
an2.248.tr 1 R 2454862.08688 1.144 20.0 0.157303921569 0.005
an2.249.tr 1 R 2454862.08838 1.145 20.0 0.166303921569 0.006
an2.250.tr 1 R 2454862.09033 1.146 20.0 0.207303921569 0.006
an2.251.tr 1 R 2454862.09184 1.148 20.0 0.102303921569 0.006
an2.252.tr 1 R 2454862.09334 1.149 20.0 0.103303921569 0.006
an2.253.tr 1 R 2454862.09485 1.15 20.0 0.0643039215686 0.006
an2.254.tr 1 R 2454862.09636 1.152 20.0 0.0833039215686 0.006
an2.255.tr 1 R 2454862.09787 1.153 20.0 0.0383039215686 0.005
an2.256.tr 1 R 2454862.09938 1.155 20.0 0.0233039215686 0.006
an2.257.tr 1 R 2454862.10088 1.157 20.0 -0.00169607843138 0.005
an2.258.tr 1 R 2454862.10239 1.159 20.0 0.0103039215686 0.005
an2.259.tr 1 R 2454862.1039 1.161 20.0 -0.0306960784314 0.005
an2.260.tr 1 R 2454862.10541 1.163 20.0 -0.0306960784314 0.005
an2.261.tr 1 R 2454862.10692 1.165 20.0 -0.0506960784314 0.004
an2.262.tr 1 R 2454862.10842 1.168 20.0 -0.0686960784314 0.005
an2.263.tr 1 R 2454862.10993 1.17 20.0 -0.186696078431 0.005
an2.264.tr 1 R 2454862.11144 1.173 20.0 -0.134696078431 0.004
an2.265.tr 1 R 2454862.11294 1.176 20.0 -0.127696078431 0.005
an2.266.tr 1 R 2454862.11445 1.179 20.0 -0.123696078431 0.005
an2.267.tr 1 R 2454862.11596 1.182 20.0 -0.167696078431 0.005
an2.268.tr 1 R 2454862.11747 1.185 20.0 -0.145696078431 0.004
an2.269.tr 1 R 2454862.11897 1.189 20.0 -0.184696078431 0.005
an2.288.tr 1 R 2454862.1348 1.232 20.0 -0.136696078431 0.005
an2.289.tr 1 R 2454862.13631 1.237 20.0 -0.160696078431 0.005
an2.290.tr 1 R 2454862.13781 1.242 20.0 -0.109696078431 0.005
an2.291.tr 1 R 2454862.13932 1.247 20.0 -0.0916960784314 0.005
an2.292.tr 1 R 2454862.14083 1.253 20.0 -0.0526960784314 0.005
an2.293.tr 1 R 2454862.14234 1.258 20.0 -0.0796960784314 0.004
an2.294.tr 1 R 2454862.14385 1.264 20.0 -0.00469607843138 0.005
an2.295.tr 1 R 2454862.14535 1.27 20.0 -0.0306960784314 0.006
an2.297.tr 1 R 2454862.14837 1.283 20.0 0.0493039215686 0.006
an2.298.tr 1 R 2454862.14991 1.289 20.0 0.0623039215686 0.006
an2.299.tr 1 R 2454862.15142 1.296 20.0 0.111303921569 0.006
an2.300.tr 1 R 2454862.15298 1.303 20.0 0.0703039215686 0.006
